2125
1235
747
726
486
294
188
184
192
192
192
184
388
1110
281
185
248
188
481
329
441
341
252
192
181
177
197
184
188
185
176
189
192
192
177
184
188
181
177
177
177
181
177
188
192
186
193
185
177
192
180
177
185
188
192
192
179
177
188
177
184
188
177
192
188
188
177
192
177
185
192
177
189
188
192
256
188
181
196
185
253
189
189
181
185
184
264
321
189
204
188
241
188
181
181
180
192
192
193
181
184
184
183
181
177
190
184
189
192
177
184
177
184
177
180
180
188
177
181
190
325
188
184
193
180
192
192
182
184
184
180
192
189
184
177
184
184
192
181
245
192
189
192
180
244
192
184
184
188
184
180
177
192
188
183
192
182
177
188
184
177
189
177
177
181
182
181
181
192
184
180
184
192
192
180
193
184
181
177
177
177
192
180
188
184
192
184
180
260
181
181
177
182
184
192
183
194
181
180
184
184
186
180
184
184
190
181
185
196
181
177
180
188
186
186
196
197
212
181
392
285
201
181
192
188
184
188
188
181
192
181
188
188
196
188
177
192
197
184
189
184
181
185
188
184
185
189
196
181
196
393
304
1135
361
329
437
244
193
281
197
193
241
245
189
240
412
197
192
196
633
320
361
301
308
321
317
312
300
397
349
353
289
336
200
209
196
201
200
6692
196
208
213
209
205
204
201
189
201
196
205
201
213
209
189
207
205
192
192
193
200
197
193
204
207
192
193
201
201
241
197
192
193
192
190
192
196
196
197
193
196
188
192
196
192
192
197
380
325
325
321
341
346
385
302
296
325
192
197
196
192
192
196
196
190
192
329
321
317
309
296
337
334
312
292
365
392
380
293
260
196
201
189
200
211
192
205
196
192
200
200
196
200
192
192
201
200
200
192
196
200
200
192
193
196
200
192
192
192
192
196
192
192
190
192
189
192
240
189
189
193
196
192
201
197
200
200
4847
193
193
189
189
196
193
192
197
190
193
192
192
196
193
192
189
196
190
189
192
192
190
189
192
189
192
193
185
196
192
192
193
193
192
192
192
200
192
192
192
192
192
192
192
192
190
192
192
189
192
192
192
190
192
192
192
190
192
192
192
190
192
200
349
285
353
348
373
333
361
320
194
196
197
200
201
196
201
192
197
197
196
196
193
192
192
200
192
201
192
193
196
192
193
192
192
201
196
192
192
192
192
190
196
193
196
193
205
193
196
192
196
197
200
192
197
192
200
193
190
197
192
200
190
192
276
201
3898
189
192
193
192
197
196
190
190
192
192
192
192
192
197
193
192
192
196
192
192
192
192
192
190
240
192
190
196
192
197
190
192
189
196
192
193
201
189
189
192
192
192
192
192
189
192
193
192
190
192
192
189
192
192
197
192
192
192
425
192
197
192
189
192
192
189
192
190
189
192
192
192
190
192
189
192
192
192
388
236
177
177
361
172
176
177
176
173
172
176
177
171
177
172
180
173
180
173
181
172
172
172
181
172
171
173
172
177
177
171
173
173
173
172
177
177
173
173
173
173
172
172
180
171
171
244
180
3408
172
176
173
176
177
173
172
169
173
173
172
171
172
180
177
173
171
177
172
173
173
175
172
171
169
176
169
177
177
176
173
173
173
172
172
456
181
177
172
171
172
176
173
172
175
175
173
173
173
176
173
173
172
177
173
173
173
177
173
173
173
176
173
176
172
171
173
172
177
173
173
172
172
177
173
172
175
172
173
173
173
181
172
173
173
173
173
173
173
173
173
172
171
172
172
175
177
181
172
172
171
173
173
173
172
176
172
173
172
180
173
173
173
176
173
173
173
172
171
173
172
176
172
177
177
240
180
2686
196
177
177
173
173
172
173
172
172
173
168
173
173
176
173
176
176
173
173
176
177
173
176
177
172
173
173
176
172
173
173
172
171
177
172
171
180
172
173
176
173
172
172
177
173
173
172
177
172
173
171
181
172
173
172
172
173
173
173
172
172
171
173
173
173
172
173
173
172
173
171
172
173
177
173
172
173
172
173
173
172
172
301
173
173
175
171
176
173
172
175
173
176
173
173
176
177
173
173
177
414
175
176
172
173
172
173
177
173
173
175
172
172
173
173
177
172
176
172
172
172
172
173
176
304
277
312
3804
401
181
173
172
325
321
364
261
172
173
173
176
177
172
180
173
172
177
171
171
177
177
176
172
173
171
173
177
177
172
176
171
173
173
173
173
180
177
173
173
172
175
176
173
173
172
176
173
172
172
172
172
172
173
173
172
173
173
177
173
176
181
171
173
177
172
172
172
173
173
172
173
173
172
173
173
173
172
173
172
172
172
173
173
171
172
172
173
173
173
181
177
176
206
172
181
172
172
173
173
173
173
264
292
333
257
902
361
269
301
290
457
297
308
297
361
360
280
313
333
349
421
390
376
361
329
377
6524
346
357
321
268
309
264
265
272
284
293
289
253
268
309
330
321
321
301
281
336
353
328
441
341
336
301
325
337
364
352
340
373
332
353
293
410
345
388
345
405
346
369
349
397
330
389
330
388
353
348
361
364
328
325
393
364
317
344
349
353
356
329
325
325
253
345
337
313
328
305
316
304
312
325
352
290
341
309
348
280
321
325
272
333
325
401
321
477
312
550
180
173
176
172
169
176
176
172
173
168
173
173
177
169
173
171
172
168
168
176
172
176
172
173
173
173
171
171
172
173
176
169
172
176
173
240
177
6235
177
173
168
172
176
172
172
173
168
171
173
172
169
172
176
173
173
168
173
173
173
169
173
169
171
175
173
172
172
172
172
177
173
168
168
173
180
169
177
177
169
169
177
173
168
177
172
197
180
168
173
171
171
172
173
172
173
180
173
171
168
171
175
173
172
172
172
173
173
172
177
173
176
173
173
173
173
172
172
172
173
172
172
173
173
172
168
172
172
173
168
172
172
172
168
171
173
173
169
173
172
172
173
173
172
169
168
172
168
173
172
173
169
168
173
173
172
172
172
172
172
171
171
177
171
240
176
2770
176
175
173
172
172
176
168
172
173
173
169
173
172
172
173
172
172
172
168
173
173
173
173
173
173
173
173
176
172
172
172
172
172
172
181
172
172
172
172
171
173
172
172
168
171
173
173
173
168
173
173
173
173
173
173
171
173
172
168
168
172
172
177
173
172
173
172
173
173
171
173
171
173
173
173
172
172
171
172
180
171
172
173
172
171
173
177
173
175
173
172
173
172
173
172
172
173
177
176
173
173
172
176
173
176
173
173
173
173
169
171
173
177
171
176
172
172
172
173
172
173
176
173
173
177
245
180
2838
180
173
180
173
172
171
173
177
172
172
176
172
173
173
173
177
171
181
173
173
173
171
173
172
172
173
172
176
172
177
177
177
176
177
176
171
185
177
172
173
171
173
172
177
177
172
177
177
172
176
173
173
171
172
173
173
172
173
176
171
173
172
172
173
173
173
176
353
177
172
173
173
177
173
173
177
172
172
173
172
173
172
173
172
175
173
173
173
173
177
177
172
173
172
172
173
173
173
172
173
173
172
172
172
173
171
172
177
172
176
169
171
172
175
172
176
172
172
173
172
171
172
173
176
180
241
180
10180
184
177
172
172
176
172
172
172
176
172
176
172
177
171
176
173
173
172
173
181
176
176
173
175
173
176
176
180
177
176
176
180
172
171
173
172
177
172
172
176
176
177
173
181
173
172
173
172
173
173
172
172
172
172
171
173
229
172
173
173
176
173
171
172
177
172
172
172
171
173
175
176
173
176
177
177
173
173
172
173
173
173
172
173
172
172
176
172
172
173
172
172
172
172
172
171
173
173
173
172
172
173
176
173
173
177
173
173
172
176
172
173
173
173
171
173
172
177
172
172
171
173
173
172
176
176
177
2798
185
173
173
173
173
173
168
173
172
168
177
176
177
172
172
172
172
173
171
176
176
169
172
176
172
173
172
173
173
172
168
176
177
173
175
177
176
177
176
172
172
172
172
173
173
171
169
176
177
176
172
172
172
172
172
171
177
176
172
172
180
177
172
172
176
177
172
173
173
175
177
176
177
173
173
172
176
173
176
176
176
177
173
172
173
176
177
176
176
173
172
173
172
172
173
176
176
172
172
172
172
172
172
173
172
173
173
173
171
173
172
173
173
173
172
173
172
173
172
173
173
177
173
176
176
180
180
2526
193
172
172
172
173
172
172
172
177
173
172
172
171
173
172
173
172
173
171
172
172
173
173
172
172
172
171
172
176
173
172
172
172
173
173
173
175
176
172
173
173
172
171
173
172
177
172
173
177
172
173
173
172
172
172
173
172
172
173
171
173
172
172
173
173
173
173
172
176
173
173
173
173
173
172
172
173
173
172
173
176
173
173
172
173
173
173
172
172
171
173
172
173
173
173
177
172
173
173
177
172
176
173
176
172
171
172
172
173
172
172
173
173
173
173
171
173
173
177
173
171
172
172
173
177
180
237
1263
497
12141
260
192
277
193
193
188
180
177
180
184
186
181
181
177
180
181
180
177
177
176
172
175
169
176
177
172
172
173
172
168
169
172
171
173
172
173
176
173
172
172
172
177
172
173
169
173
176
177
172
173
177
173
172
171
180
172
175
172
176
173
173
176
176
175
173
176
171
176
172
172
172
172
176
173
171
172
173
172
173
173
172
173
172
172
173
176
172
173
189
173
176
172
172
177
168
173
173
168
173
173
173
172
176
177
172
172
176
173
169
175
176
173
172
168
176
177
176
177
177
172
172
177
171
244
180
177
190
2603
188
176
172
177
181
173
172
172
177
173
171
173
172
172
172
176
171
171
173
172
173
173
172
172
173
173
171
176
173
172
168
173
173
172
171
172
180
173
172
172
177
173
172
172
177
172
172
172
172
172
173
173
176
172
172
173
180
173
171
172
173
172
173
172
176
172
172
172
176
172
171
173
181
172
172
173
172
173
172
173
176
171
173
172
177
172
173
173
181
171
173
173
181
173
173
172
177
172
172
172
176
172
172
172
173
173
173
172
173
173
173
173
172
173
172
171
176
172
172
171
172
172
177
172
176
181
177
3211
177
169
171
172
173
224
172
172
172
177
171
173
172
173
171
173
173
172
177
177
169
168
177
173
173
173
173
173
171
172
172
173
173
177
172
172
180
177
172
171
172
176
172
173
172
173
173
177
172
171
168
172
176
173
173
173
175
173
173
176
172
168
168
172
169
168
168
176
177
173
172
177
173
176
177
173
172
173
173
173
173
172
172
172
172
171
176
176
172
172
171
172
177
172
173
172
172
168
172
169
172
173
173
173
176
172
168
168
172
173
171
173
172
172
169
173
173
176
177
172
173
172
172
177
172
177
184
2561
209
171
172
173
172
173
169
173
173
168
169
171
172
172
172
173
172
173
168
173
172
173
173
173
171
173
172
173
171
175
172
172
173
168
173
173
173
172
168
180
168
169
172
173
172
172
172
171
173
168
173
172
172
171
172
173
168
173
172
168
176
172
173
168
168
173
171
173
173
172
172
168
173
169
168
172
173
173
173
172
172
168
172
173
173
173
172
175
173
173
172
173
173
172
173
172
172
172
168
173
173
172
173
173
173
169
173
168
173
172
172
168
173
173
172
173
169
173
171
169
172
169
173
173
176
180
237
2533
249
192
193
193
193
192
193
177
173
176
176
176
176
173
181
176
172
181
168
168
169
173
172
172
172
173
173
173
173
172
177
172
172
172
172
172
180
172
171
171
172
172
177
173
171
172
172
173
173
172
173
173
171
173
173
173
173
173
172
173
172
173
173
173
172
173
173
172
172
173
171
173
173
172
173
172
172
171
172
172
173
171
173
172
172
171
171
172
173
172
173
173
173
173
171
173
173
173
173
173
173
176
173
173
173
171
173
172
176
173
173
172
172
172
173
173
173
171
173
172
171
176
173
173
177
241
181
2682
172
176
173
172
176
173
173
173
173
172
173
173
171
172
172
173
172
173
173
177
172
173
173
173
177
177
375
298
300
295
300
280
1306
161
157
166
166
157
164
163
157
161
161
160
160
161
161
166
160
160
160
163
160
251
235
305
278
260
266
288
277
305
251
261
328
280
295
203
160
160
160
157
164
160
331
287
240
274
284
303
207
157
161
157
155
156
157
161
157
157
157
157
157
155
160
155
157
157
157
157
157
157
156
157
157
157
157
157
157
156
156
156
155
157
157
157
157
157
157
157
160
157
157
164
155
218
160
4024
168
157
160
157
157
157
157
155
157
157
155
160
157
157
157
157
157
157
153
157
157
157
157
157
157
157
157
157
157
154
157
153
156
157
157
157
164
157
160
160
157
157
151
161
157
156
156
161
157
157
284
320
274
291
298
314
240
265
156
161
164
161
157
161
160
161
157
160
157
160
161
164
164
161
157
156
160
161
160
161
161
164
153
157
157
153
161
156
157
156
156
157
160
157
157
155
161
157
157
157
160
160
302
281
360
301
298
307
213
157
160
161
157
157
157
157
155
157
157
155
157
157
157
157
164
164
160
2920
164
167
154
164
157
157
157
157
157
157
163
157
166
157
161
157
164
155
161
157
157
157
157
155
157
157
241
259
287
281
291
383
311
262
160
164
167
160
161
157
160
160
161
160
160
157
157
160
161
160
157
157
161
164
157
154
156
157
157
157
157
155
157
157
157
160
157
157
160
157
157
157
157
157
160
155
160
157
157
156
157
157
157
318
288
247
234
240
261
277
261
230
221
230
231
260
347
218
214
240
237
207
258
287
244
311
275
251
237
328
234
293
288
271
293
309
157
160
160
160
157
157
160
164
157
161
164
9673
167
160
160
160
160
155
161
160
164
161
161
157
160
160
166
157
157
160
157
160
153
157
157
157
157
160
157
157
157
157
157
157
157
157
155
160
166
157
155
157
157
155
157
157
151
157
160
157
157
157
157
156
157
157
157
164
157
157
157
157
160
157
157
161
160
156
157
157
156
153
157
157
157
157
157
157
157
157
161
157
155
157
155
157
157
155
180
155
227
155
157
157
157
155
156
157
157
157
157
157
157
157
157
156
157
157
157
156
157
157
157
155
157
156
157
157
160
157
157
157
157
157
157
157
157
163
161
17367
166
161
155
160
157
157
157
157
157
157
156
157
157
157
157
157
157
157
157
155
157
156
157
157
157
321
160
160
157
157
160
157
157
160
160
157
164
157
157
157
157
157
157
161
157
157
157
157
157
157
157
157
157
160
157
157
157
160
157
157
161
160
157
161
157
157
157
157
157
161
154
157
157
157
157
157
157
157
157
157
157
157
157
157
157
155
157
157
157
157
156
157
157
157
161
157
157
157
157
157
157
157
157
157
160
157
157
157
157
157
156
160
156
157
157
157
157
157
157
155
154
157
155
160
161
164
164
3060
160
157
157
157
157
157
157
157
157
157
161
156
157
157
157
157
157
160
157
157
157
157
156
157
157
157
157
157
157
160
157
157
156
156
157
157
166
160
157
157
155
155
157
157
157
157
160
157
157
157
157
157
154
157
157
157
157
154
155
160
161
160
157
157
157
153
157
157
157
160
157
157
157
157
157
161
157
157
157
161
160
157
156
155
154
157
155
157
263
300
287
263
302
237
234
223
224
246
263
218
301
268
157
157
160
161
160
157
157
154
157
157
157
156
160
156
160
152
157
160
160
161
157
167
161
160
160
2822
161
160
157
157
160
161
160
157
161
155
157
151
160
157
154
160
157
157
156
157
157
160
154
151
157
157
157
156
160
157
154
152
157
157
161
157
160
157
160
160
153
157
155
157
160
160
160
157
153
153
161
157
160
157
157
161
157
157
157
156
165
157
157
160
161
161
154
155
160
160
156
157
161
157
157
157
161
157
155
156
154
161
157
157
160
154
154
154
157
160
153
157
156
157
153
156
157
157
157
157
160
157
156
157
157
156
161
157
155
160
157
161
157
157
154
157
157
157
157
153
160
155
152
160
154
217
157
2235
164
164
152
160
157
157
157
157
157
160
157
152
157
157
157
157
153
152
157
155
160
160
153
157
157
154
154
155
160
157
157
153
157
157
157
157
161
157
157
151
160
157
157
155
157
157
157
161
157
160
156
157
157
157
157
160
157
151
153
157
160
157
153
157
157
157
157
157
151
156
157
153
160
157
157
154
157
157
157
160
157
154
155
157
157
152
157
161
155
153
157
154
157
154
154
157
157
157
154
160
154
157
157
157
157
157
157
161
161
157
154
153
154
160
157
157
157
157
157
154
154
156
151
157
164
218
172
2304
164
220
157
160
161
157
157
155
155
157
157
157
157
156
161
157
156
160
157
157
155
157
157
157
161
161
157
157
160
161
161
156
161
160
157
153
167
157
157
156
161
157
154
157
157
157
157
157
161
160
157
157
160
151
155
157
160
157
157
157
168
157
161
157
157
156
157
156
161
157
157
157
166
156
157
157
153
157
157
157
160
153
155
157
157
155
156
160
164
157
157
161
157
157
154
157
161
157
157
156
164
157
157
157
160
161
153
155
166
157
157
153
160
157
156
160
160
157
157
154
160
157
157
160
164
160
160
2355
160
153
161
157
157
161
160
157
160
161
157
155
160
157
157
157
157
157
160
157
155
154
157
160
153
161
157
157
157
157
157
160
157
157
156
154
160
161
160
157
157
160
157
157
157
157
157
154
160
157
157
156
160
152
157
157
160
154
155
157
161
161
157
155
157
157
157
157
157
157
157
156
157
157
156
157
161
157
160
157
157
157
156
157
157
157
157
160
157
157
155
160
157
157
157
157
161
157
160
157
157
157
157
157
157
157
157
157
157
157
157
157
157
160
157
157
157
157
157
157
157
157
155
160
161
160
164
2289
164
157
157
157
157
157
157
157
157
157
157
157
157
157
157
157
157
157
157
157
157
157
157
157
157
155
157
156
155
157
157
157
157
157
157
155
164
157
157
157
154
157
157
157
157
157
157
157
157
157
157
157
157
157
157
155
157
157
157
157
155
157
157
157
157
157
157
157
155
157
157
160
157
155
155
155
156
157
157
157
157
157
155
157
157
157
157
157
156
157
156
157
156
157
157
157
157
157
156
157
157
161
157
157
157
157
157
157
157
157
157
157
157
157
157
157
161
157
157
157
157
157
157
157
157
221
164
2263
167
154
157
157
164
157
157
156
155
157
155
157
157
157
157
157
161
156
157
160
164
156
157
157
160
157
157
157
164
157
154
157
161
157
155
154
167
160
153
157
154
157
160
157
160
161
161
157
160
157
157
161
154
155
156
155
157
154
160
157
161
160
151
157
153
157
157
157
154
157
160
157
157
160
155
161
157
157
160
157
157
157
157
154
167
270
317
308
228
217
220
335
257
305
211
157
155
157
157
157
157
157
157
156
157
157
156
157
157
157
157
161
157
157
157
157
157
157
161
157
157
157
157
161
161
214
164
2814
167
164
161
157
160
157
161
153
164
161
160
166
160
157
157
157
157
157
157
160
160
164
160
157
169
156
161
157
160
157
160
160
161
157
157
156
170
157
157
157
161
157
157
157
157
157
156
157
164
161
156
157
164
157
157
156
160
157
157
157
160
157
157
157
160
156
154
157
157
161
157
157
157
157
157
157
157
160
156
157
164
156
157
157
157
157
157
160
160
157
157
161
161
160
164
156
161
156
157
157
164
157
157
161
156
157
157
161
160
157
160
157
157
157
157
157
160
157
154
157
157
157
157
157
157
220
160
2369
154
160
161
157
157
155
157
157
160
161
157
157
157
160
157
157
157
161
160
157
157
160
157
155
157
161
157
157
156
154
157
157
155
160
157
157
160
163
157
157
160
161
157
157
154
157
155
156
160
163
155
157
157
157
157
157
157
157
157
157
157
160
160
155
160
157
157
157
157
157
157
157
157
164
157
157
157
161
157
157
157
161
157
157
157
164
157
156
160
164
160
157
161
160
157
157
155
161
157
157
157
164
157
157
157
160
157
157
161
160
157
157
157
164
157
157
157
161
157
157
157
161
157
167
157
164
160
2282
161
154
160
160
151
160
157
157
157
157
160
160
157
151
157
160
157
157
161
157
153
157
153
157
157
156
156
160
161
155
155
157
157
157
157
160
163
157
160
161
157
160
157
157
155
157
219
157
152
154
160
157
157
157
160
157
160
157
154
160
160
160
160
157
160
157
154
160
157
157
157
160
157
161
153
152
157
166
157
160
160
157
161
157
154
157
157
160
157
157
157
157
157
157
161
157
151
157
153
161
152
160
157
161
157
157
157
153
154
157
157
157
157
157
153
157
154
160
157
160
154
160
157
160
160
216
171
2329
251
155
160
160
160
161
157
160
157
157
157
157
160
160
161
161
154
156
160
160
161
157
153
155
156
157
153
153
155
161
157
154
160
152
157
157
157
157
153
157
157
157
154
157
157
157
157
157
157
153
161
157
153
157
152
160
157
157
157
160
157
160
155
161
157
157
157
157
157
157
157
157
157
160
157
157
151
157
153
157
153
155
157
151
160
154
157
157
157
153
157
157
157
153
157
160
157
157
157
157
155
157
157
161
157
154
157
155
157
153
161
154
157
153
157
156
157
160
153
157
157
154
154
157
157
218
160
2559
161
157
155
157
153
157
157
157
161
153
157
157
161
157
161
152
153
157
153
157
161
157
157
157
160
157
160
160
157
157
151
152
161
160
157
157
157
157
154
161
160
155
157
154
155
157
157
157
160
160
157
153
160
157
154
157
160
157
157
157
157
160
157
153
157
157
157
155
157
157
157
155
155
157
157
160
157
157
157
153
157
157
157
157
157
157
157
156
157
157
157
160
157
157
155
157
157
157
155
157
157
157
157
157
157
156
157
161
157
155
157
157
157
157
157
157
157
157
155
157
157
157
157
161
157
161
161
3982
164
160
160
161
160
157
153
161
157
153
157
160
157
157
157
157
157
161
157
157
161
153
157
157
160
161
153
164
157
157
155
157
157
161
157
160
160
160
153
157
157
157
160
154
160
157
160
157
161
157
157
160
157
161
157
157
157
157
157
160
160
157
157
157
160
156
157
157
157
161
160
157
157
161
157
161
157
161
157
321
201
143
110
108
108
110
108
110
108
108
108
107
108
107
108
107
108
108
108
107
108
107
108
108
108
108
107
108
108
107
108
108
108
108
108
108
108
106
108
108
107
108
108
112
108
113
110
1721
113
108
108
108
108
107
108
108
108
108
108
108
108
108
107
108
108
108
108
108
108
108
108
108
108
108
108
108
107
108
108
107
108
108
108
108
112
108
108
110
108
107
108
108
107
108
108
108
108
110
107
108
110
107
108
108
111
107
108
111
110
108
108
108
108
108
107
108
108
110
111
110
108
108
107
108
108
108
108
108
110
108
110
108
108
107
110
108
107
110
108
108
107
108
108
110
108
108
110
108
108
108
112
108
111
110
107
108
108
108
108
108
108
108
108
108
108
110
108
107
108
111
107
108
110
113
110
1531
115
107
110
107
107
108
108
108
108
108
110
108
107
108
108
108
108
108
107
108
107
107
111
108
108
107
107
108
108
108
110
108
108
108
113
108
110
108
108
108
108
107
110
108
108
107
110
108
108
108
110
108
110
108
113
108
105
111
110
108
110
110
110
108
107
108
108
108
108
108
110
108
111
107
111
108
108
108
110
108
108
108
110
110
110
108
107
108
108
111
108
108
107
108
108
110
108
107
107
108
107
108
108
107
108
107
108
107
108
108
107
108
108
108
108
108
108
108
108
108
110
108
108
108
110
113
113
1589
113
107
108
108
108
108
108
108
108
108
108
108
108
108
107
107
108
107
108
108
107
108
108
108
107
108
108
110
108
108
107
108
107
108
107
108
113
107
108
107
108
107
108
107
108
108
108
108
108
108
108
107
107
107
107
108
107
107
108
108
107
107
107
108
107
107
108
108
108
107
108
108
108
108
108
108
108
108
108
108
107
108
108
107
108
108
108
108
108
108
108
108
108
108
108
107
108
108
107
108
108
107
108
108
108
108
108
108
108
107
108
107
107
107
108
108
108
108
108
107
107
107
107
108
111
113
110
1568
110
106
108
107
108
108
108
108
108
107
108
108
108
108
108
108
108
110
108
107
108
108
108
108
108
108
108
108
108
108
107
108
108
107
107
108
108
107
107
108
107
108
108
107
108
108
110
108
108
108
107
110
108
108
108
110
107
108
108
108
110
110
107
108
108
111
107
108
108
107
113
108
108
108
108
108
107
108
110
107
108
108
228
178
206
160
153
183
168
190
180
248
171
188
203
187
205
160
141
111
108
108
113
113
110
111
108
108
108
107
115
108
108
108
110
107
108
108
108
113
113
195
180
213
141
152
111
2308
153
148
108
108
110
111
108
110
108
108
108
108
108
108
108
108
110
108
108
108
107
107
107
108
108
108
108
108
108
107
108
113
108
111
110
110
113
108
110
110
107
111
108
111
108
110
108
108
108
115
108
111
108
110
108
108
110
113
108
108
105
112
112
108
108
111
110
107
108
108
108
108
108
112
108
108
110
110
108
108
108
107
110
108
111
110
107
111
108
111
110
108
108
108
110
110
110
113
107
113
107
107
108
108
108
108
108
110
108
108
107
108
107
108
107
108
108
108
110
110
110
108
110
111
108
153
110
1664
107
110
108
108
107
110
151
108
108
111
105
108
107
108
108
108
108
108
110
108
110
111
108
108
108
108
110
112
111
108
108
105
108
108
110
110
108
107
110
105
108
108
108
108
110
108
107
110
110
108
107
108
105
107
108
108
107
108
108
108
108
108
108
108
108
108
110
107
111
108
105
108
108
106
108
108
110
108
108
108
108
108
105
106
108
110
107
107
107
107
108
107
105
110
105
107
106
108
110
106
107
107
105
110
107
113
108
110
107
107
110
105
108
107
107
107
105
111
108
108
108
108
108
113
108
148
117
1624
136
113
108
108
108
107
110
108
108
105
110
108
108
108
106
108
108
107
107
106
108
110
105
108
105
107
108
105
108
106
105
107
106
106
108
110
108
108
107
107
107
106
106
107
108
111
108
108
108
106
108
108
111
108
108
106
105
110
107
110
111
110
110
105
108
108
110
108
105
108
110
105
105
108
105
110
107
107
108
105
108
108
107
108
108
108
110
110
108
106
111
108
108
110
107
110
111
110
110
108
105
108
107
108
111
105
108
111
108
108
108
108
107
108
106
108
105
108
107
111
105
108
111
108
110
112
120
1696
113
113
105
107
105
107
108
105
105
108
106
105
108
110
107
105
108
108
108
107
111
110
105
105
106
110
107
107
111
105
108
107
108
108
107
108
108
107
105
108
105
105
110
108
108
105
108
108
110
105
105
107
110
111
107
108
108
108
105
108
110
108
110
108
108
108
108
107
107
108
108
108
105
107
107
108
105
108
108
108
107
108
108
107
110
105
108
108
108
107
108
107
108
108
107
108
110
105
108
105
108
110
110
107
108
105
105
107
108
108
108
108
108
110
108
105
108
108
108
108
108
108
108
110
110
110
110
1609
110
108
108
145
108
108
108
107
108
108
107
107
107
107
108
190
155
181
175
153
196
210
185
163
201
171
163
206
185
228
216
205
186
213
201
141
153
110
108
110
113
110
110
110
110
107
113
110
107
112
112
113
110
110
107
113
108
111
111
108
113
110
108
111
107
210
190
172
191
200
165
145
108
110
113
111
107
107
110
108
110
111
113
108
110
108
108
108
111
110
110
110
110
110
108
112
108
108
108
108
110
110
108
108
110
110
108
108
108
107
108
108
108
108
108
107
107
110
107
110
107
111
108
110
107
150
112
2711
110
108
108
108
110
105
108
108
108
108
108
108
110
108
110
110
108
111
110
110
108
108
108
108
108
110
110
108
108
108
111
107
111
110
105
110
113
110
108
108
108
111
107
108
111
110
110
107
108
108
110
110
108
107
108
108
106
110
107
110
110
110
107
108
108
108
108
108
108
110
108
110
110
110
110
110
108
108
108
111
121
107
108
107
108
108
110
108
108
108
110
107
110
108
107
108
105
108
110
107
110
107
108
108
107
111
110
108
110
110
110
108
108
110
110
108
108
110
110
107
108
110
108
110
110
113
113
6740
116
107
110
108
108
113
108
108
108
115
108
111
108
107
108
108
107
108
107
112
107
112
107
112
108
112
108
118
107
111
110
110
107
110
108
110
111
113
107
110
107
113
108
113
108
110
108
113
108
113
107
113
107
113
111
108
113
108
108
112
110
113
108
115
105
113
111
108
108
110
110
108
111
113
108
113
110
110
108
115
110
110
110
110
111
110
107
115
108
111
108
115
110
110
108
110
107
110
110
110
108
110
108
108
108
112
108
113
108
110
107
114
108
113
108
110
108
112
108
113
107
108
108
113
110
113
148
2847
158
123
120
122
120
122
120
120
111
110
113
116
110
110
107
118
110
110
108
110
111
115
110
113
110
111
110
120
110
113
110
113
113
115
110
108
112
113
111
111
108
110
110
110
110
111
110
110
115
111
110
108
110
107
111
113
108
108
107
110
108
113
108
108
108
110
110
108
113
108
111
110
105
108
110
110
111
110
112
108
108
110
107
110
112
108
112
110
113
108
107
111
111
113
113
107
108
111
113
108
110
110
110
110
112
110
108
108
108
108
108
108
107
108
107
108
112
110
107
108
107
108
108
107
108
113
113
1546
106
111
107
108
111
108
108
107
108
108
107
107
108
107
108
108
108
110
108
108
108
107
108
110
108
108
108
107
110
108
111
107
107
107
108
107
113
108
110
107
108
108
108
108
110
110
110
107
110
110
107
108
110
108
111
107
108
110
108
108
110
110
108
111
111
108
108
107
110
110
110
108
111
110
108
108
110
108
110
108
108
108
107
108
107
110
110
107
108
108
108
110
108
108
108
108
110
107
108
108
110
108
110
108
108
107
110
108
108
107
107
110
110
110
108
108
110
107
111
108
110
110
108
108
110
113
111
1539
113
108
108
107
110
108
108
107
107
108
108
108
108
110
108
111
107
107
108
107
108
110
111
108
110
108
108
112
108
107
110
110
107
108
110
110
108
111
107
110
108
108
110
108
108
110
110
108
108
107
107
110
110
111
111
110
110
108
108
111
110
108
110
107
108
110
107
108
108
108
110
108
111
107
108
107
107
107
107
108
108
107
108
108
108
107
108
110
108
110
108
111
107
107
127
108
116
105
111
111
110
105
108
108
106
107
105
110
108
105
107
110
108
107
110
111
108
110
110
110
105
107
106
107
107
110
118
3311
128
108
108
107
107
108
108
107
108
107
108
108
108
111
108
108
107
105
108
108
108
111
108
108
108
110
108
108
108
108
108
108
107
111
107
107
113
108
108
110
108
107
108
108
108
113
107
108
108
113
107
108
108
110
108
110
108
108
105
110
111
110
110
110
111
112
111
108
113
110
108
108
108
110
110
108
107
112
110
107
110
115
108
112
108
108
107
108
108
110
108
108
107
107
108
111
108
110
108
108
108
110
108
110
108
110
108
107
108
108
108
107
107
108
110
108
110
108
107
108
108
107
108
116
110
113
110
1618
108
105
110
107
108
110
110
105
108
106
105
105
108
108
105
108
110
108
110
105
108
105
108
110
105
108
107
105
106
110
108
106
108
108
108
110
107
108
108
108
108
108
105
108
111
108
107
106
110
110
107
111
105
107
110
108
112
108
105
110
108
108
108
108
113
111
107
111
110
105
110
110
110
108
107
107
108
108
110
105
111
108
107
111
108
106
108
108
108
108
111
108
113
105
108
108
110
108
110
108
105
111
111
105
106
108
110
105
108
111
110
107
108
108
108
105
105
108
107
108
111
108
108
110
113
110
120
1591
110
106
107
110
108
105
111
105
107
111
108
108
107
105
108
108
108
111
110
110
108
110
108
111
108
110
108
105
110
105
108
107
110
110
107
110
110
108
107
110
110
107
108
111
105
110
108
107
108
108
108
110
108
110
108
110
107
113
108
111
107
110
108
108
108
111
108
110
108
108
108
108
110
108
108
111
110
107
106
110
110
105
110
108
110
113
108
107
108
111
108
105
108
110
107
110
111
108
110
113
110
112
111
110
110
113
110
110
110
108
108
110
108
105
111
110
112
110
107
110
108
110
108
108
113
110
118
1563
108
111
108
107
125
110
110
108
108
108
110
108
108
108
110
110
108
110
107
110
108
108
108
107
108
110
110
113
107
111
110
108
111
107
110
108
113
110
110
110
108
110
110
110
108
108
108
110
108
106
110
108
111
110
108
110
108
111
108
110
108
107
110
110
108
108
108
106
111
108
108
110
110
110
107
108
110
108
107
107
108
110
108
105
108
111
110
108
108
108
110
111
111
108
108
111
108
108
110
106
110
108
108
110
108
111
106
108
108
105
108
110
111
108
105
108
107
110
110
108
108
107
108
108
111
153
117
1621
151
151
107
107
108
107
108
108
108
110
108
107
108
108
108
107
105
108
108
108
108
108
107
107
108
108
107
108
110
110
105
108
108
108
108
108
108
110
108
110
108
108
108
107
108
108
110
110
105
108
107
110
108
107
106
108
105
111
108
106
107
108
107
110
110
106
110
107
108
107
111
108
110
108
108
108
106
108
108
110
111
108
108
110
110
108
108
108
108
107
110
108
110
108
111
111
107
105
105
108
110
108
110
113
107
110
108
108
110
110
111
113
110
110
108
111
108
110
112
108
110
110
113
110
112
110
113
1561
108
108
108
110
107
111
108
107
108
108
108
107
110
108
110
111
108
110
110
110
111
107
111
110
108
108
108
115
111
108
108
107
110
108
110
110
110
107
110
110
110
110
110
111
110
108
110
108
110
107
108
110
108
110
108
108
111
108
111
111
110
108
110
111
108
107
110
107
110
110
108
108
108
108
108
110
111
111
108
107
107
108
110
110
108
110
108
111
108
108
110
108
110
108
110
107
105
107
108
108
111
108
106
110
110
108
105
108
107
111
108
110
108
108
105
110
110
108
107
108
108
108
111
112
113
110
108
1589
110
108
110
110
110
105
110
108
105
110
108
107
111
107
110
108
110
110
110
110
108
108
108
110
107
107
108
115
110
108
110
108
110
108
110
107
110
108
108
110
110
106
107
110
111
110
110
110
110
108
108
110
105
110
108
107
110
107
110
111
107
105
110
108
110
111
108
111
107
110
107
108
110
107
105
108
105
106
108
113
110
108
108
107
108
105
108
110
108
110
108
110
108
106
107
110
110
111
108
108
110
108
110
111
108
107
111
110
110
108
108
111
110
108
108
110
110
110
110
113
110
111
110
111
108
113
118
1591
111
105
108
110
108
108
108
110
108
108
108
107
108
108
108
108
105
106
108
110
110
108
110
110
108
106
110
108
111
111
108
108
110
111
108
110
110
108
108
111
108
108
108
113
105
113
108
110
111
108
110
108
110
108
108
110
108
110
108
108
111
110
110
107
110
108
108
110
105
108
107
108
105
108
106
111
110
110
108
108
110
108
108
110
108
108
108
108
108
111
110
108
110
110
107
108
108
110
108
105
111
108
107
108
110
105
110
110
110
108
108
105
107
108
108
108
108
108
110
108
110
108
110
115
108
107
118
1566
113
108
111
107
110
110
108
111
110
110
108
108
107
110
107
105
110
110
108
105
110
108
111
108
110
110
108
107
110
110
110
108
110
110
108
108
107
110
110
110
108
111
110
110
108
110
110
111
107
108
105
108
107
105
111
111
108
156
108
108
112
110
108
105
107
106
108
105
108
108
105
106
107
107
105
108
108
108
108
106
108
107
111
111
108
108
108
108
106
105
108
108
108
107
105
105
108
110
108
108
107
105
107
111
105
106
107
107
105
108
107
108
110
107
108
108
108
107
108
105
108
105
106
107
111
150
116
1744
133
107
110
108
108
107
108
107
108
108
111
108
110
108
108
111
108
107
110
110
111
108
110
110
107
108
108
111
108
108
108
105
110
108
108
108
110
108
108
107
108
108
108
108
110
108
107
108
108
108
110
111
108
107
108
107
108
108
108
108
107
110
108
107
108
108
110
105
108
108
107
108
108
110
110
110
108
108
110
110
108
108
108
108
110
108
107
111
111
108
108
110
107
108
108
110
108
108
108
108
108
108
110
108
107
111
107
110
108
110
108
107
107
110
110
107
108
108
108
108
108
108
108
108
108
150
112
2643
112
108
108
105
108
107
108
110
108
108
108
108
105
107
110
110
106
110
113
106
108
105
111
108
105
111
114
113
108
110
111
108
105
108
110
111
108
105
113
108
105
105
113
105
108
111
110
107
110
108
110
110
108
110
108
108
108
110
110
108
111
108
105
111
107
108
108
107
107
105
110
108
110
108
108
108
108
110
107
107
108
110
106
108
105
108
111
107
108
108
110
105
108
107
108
108
110
107
111
110
106
110
111
106
107
105
111
110
110
110
110
108
110
108
108
110
107
110
110
107
108
108
110
111
110
112
118
1597
150
111
110
108
108
108
110
108
110
108
107
110
107
108
108
107
108
108
108
108
110
107
105
107
108
108
105
108
107
110
110
108
108
108
110
108
108
110
108
110
108
108
108
107
108
111
108
108
111
108
111
110
108
111
108
108
108
108
108
107
108
110
107
110
110
107
110
110
108
105
110
108
107
111
110
108
108
108
108
105
110
112
111
111
110
113
108
108
108
110
111
108
108
110
107
106
111
106
110
107
110
110
108
108
105
108
108
111
107
108
110
110
110
110
111
108
110
108
108
110
131
120
93
96
93
129
106
1416
135
99
93
100
92
95
98
97
92
90
95
96
101
97
97
96
91
97
97
97
94
93
93
95
91
95
96
95
93
95
93
92
93
91
93
95
95
94
90
91
95
91
91
91
93
92
90
91
93
91
92
92
91
92
93
91
92
91
90
91
95
91
90
92
92
91
91
91
95
90
92
91
93
92
91
91
93
94
90
90
91
93
91
90
93
92
93
90
90
93
91
91
95
93
93
91
93
94
91
92
91
89
90
91
93
93
88
92
91
93
88
91
90
92
91
88
94
90
92
90
93
92
90
90
94
126
101
1334
98
91
91
90
91
96
90
91
90
95
91
90
93
92
90
90
93
93
88
91
89
91
91
91
91
93
90
90
90
91
93
92
91
90
92
91
96
93
91
90
92
93
89
90
93
93
91
93
93
93
91
91
92
94
92
91
90
93
92
91
92
93
93
92
90
91
90
93
90
95
90
88
94
93
90
93
92
94
91
93
92
93
91
90
93
90
90
91
90
92
93
91
92
92
90
90
91
94
90
88
91
93
94
90
88
93
93
90
91
88
91
93
93
96
93
90
91
88
93
91
91
94
92
90
92
93
99
1338
92
91
92
91
93
93
90
90
93
91
93
91
91
92
93
92
93
91
91
90
93
94
93
93
92
90
93
97
92
90
90
90
91
90
93
91
93
90
93
93
89
90
92
89
91
90
91
91
92
92
91
92
91
93
93
93
89
91
94
92
91
91
91
88
90
93
91
93
88
94
90
90
94
93
91
90
93
91
92
91
90
91
91
91
93
93
92
92
91
90
93
90
91
90
91
89
93
91
93
91
91
91
90
91
93
91
91
91
89
93
91
91
88
89
93
90
92
90
93
91
91
90
88
91
96
93
93
1343
91
91
90
93
93
91
91
94
88
93
92
93
89
91
93
92
93
93
90
94
93
94
95
94
93
93
94
91
90
92
91
93
93
93
91
89
93
90
93
89
89
93
91
91
91
90
91
93
93
93
93
91
90
92
94
92
93
94
91
92
94
91
90
91
93
93
88
91
93
90
91
89
93
90
91
90
93
90
93
91
91
91
93
93
91
91
91
91
93
93
92
93
92
93
93
93
88
92
93
91
93
92
91
90
91
93
91
91
93
91
93
91
90
93
93
93
89
90
93
90
91
94
91
90
95
129
100
1303
93
93
90
91
91
90
92
94
91
91
90
93
91
93
89
93
94
92
89
91
93
91
90
91
90
93
93
98
93
90
93
91
91
93
91
93
94
91
90
92
92
93
93
89
95
91
93
94
89
91
89
93
93
93
90
92
91
93
93
94
90
91
88
92
91
91
92
91
93
92
91
91
93
91
89
93
91
91
90
93
94
93
91
91
90
89
91
90
91
92
93
93
92
93
91
93
92
90
91
92
92
88
94
93
94
92
91
90
89
93
89
91
88
90
91
90
90
92
89
93
91
90
91
96
95
94
94
1382
93
90
93
93
93
91
93
92
90
90
91
94
92
92
93
90
91
90
90
89
89
93
88
92
91
91
91
91
91
90
93
90
88
88
90
92
96
90
90
90
91
90
89
93
91
92
93
93
93
93
89
91
93
90
90
91
89
91
90
91
93
90
90
92
90
91
93
90
88
93
92
89
93
93
92
90
90
93
93
90
89
89
89
91
91
92
91
91
95
91
91
94
90
93
90
91
91
91
89
91
91
94
91
91
90
90
91
91
90
91
93
92
93
93
90
90
88
91
88
91
95
90
91
93
95
95
92
1378
111
91
90
91
90
90
91
91
91
91
94
90
91
91
90
90
91
90
90
91
91
91
90
91
92
91
93
91
90
91
91
91
91
93
93
94
94
91
90
91
91
91
93
93
90
91
91
90
91
91
92
91
90
91
91
91
90
91
92
90
90
90
91
90
90
91
91
91
90
92
91
91
91
91
91
91
91
91
93
89
90
92
94
91
91
93
95
93
92
91
93
90
91
91
91
90
91
91
91
91
91
90
90
91
91
91
90
90
91
91
93
91
90
92
95
91
93
91
90
91
91
92
91
93
90
90
93
1331
90
131
91
95
91
92
92
93
89
95
96
97
92
93
97
93
98
92
91
90
97
97
94
95
98
93
91
96
91
97
88
92
95
97
89
95
95
95
91
95
91
95
91
91
97
96
90
90
97
97
91
98
90
96
90
99
98
96
90
91
92
91
97
97
91
94
97
98
95
91
97
96
91
98
97
91
90
97
96
95
97
92
93
97
91
91
95
95
92
90
94
93
96
98
96
98
96
97
91
90
90
98
90
91
91
95
93
91
92
91
90
91
96
93
95
90
92
91
91
95
93
97
93
91
92
96
98
1363
91
95
94
97
90
98
91
90
97
91
97
91
95
98
91
91
90
91
91
97
97
91
91
97
96
95
95
95
92
92
91
97
98
91
91
92
95
95
91
96
97
98
97
97
97
91
98
97
97
95
97
90
91
90
94
99
97
90
90
97
91
93
97
93
93
94
95
95
95
93
92
95
95
90
96
90
93
97
91
90
94
91
97
90
97
91
93
96
94
91
93
95
97
98
91
97
91
97
90
91
90
91
97
97
91
91
90
91
96
93
96
98
97
100
94
91
94
95
93
97
95
95
92
90
88
101
92
1315
97
88
91
91
91
90
91
95
98
91
97
92
91
95
97
90
97
91
97
91
91
97
90
96
97
96
97
97
98
91
97
94
91
97
97
91
97
94
97
90
92
97
91
96
97
90
91
91
91
95
91
96
97
90
91
90
90
90
97
91
97
93
98
91
91
91
97
90
90
97
91
98
97
97
91
90
90
96
97
91
90
90
92
90
97
98
95
93
95
97
94
92
91
96
90
90
98
97
91
91
91
96
95
97
98
97
90
97
98
97
97
91
90
97
97
90
91
90
91
97
90
91
91
88
90
95
99
1302
89
92
91
97
90
91
91
90
93
92
93
93
91
91
89
91
90
88
91
93
90
91
91
95
91
90
90
97
89
89
90
94
93
91
92
92
90
93
93
93
91
94
91
91
90
91
91
93
91
91
90
92
88
92
96
93
93
89
90
94
91
93
91
91
90
89
89
92
94
90
91
92
90
93
90
91
90
94
91
93
92
93
91
92
93
93
91
93
90
91
89
90
90
94
93
93
89
90
89
93
90
93
94
92
90
92
91
89
94
91
88
91
91
93
91
91
93
90
88
91
88
91
89
94
95
95
95
1389
95
91
89
89
92
89
93
91
93
94
93
93
95
92
91
90
90
90
91
89
93
91
93
91
95
92
92
93
90
90
91
91
91
94
91
90
96
93
92
91
89
90
91
92
96
91
93
93
90
91
92
89
88
91
93
93
90
89
91
91
93
91
88
91
93
95
93
92
91
92
93
88
91
92
90
91
93
90
89
91
93
91
93
91
91
89
91
91
91
91
91
91
91
90
91
91
91
90
90
91
93
93
91
90
91
91
90
91
91
91
89
89
91
92
90
90
88
92
92
91
91
90
91
92
94
93
101
1893
97
93
93
93
92
91
93
91
92
93
90
91
91
91
91
93
92
91
91
91
91
93
93
91
91
91
93
93
91
93
90
91
93
90
93
95
92
92
94
93
93
92
91
91
91
91
93
91
91
93
90
91
90
93
93
93
92
91
90
91
93
90
93
91
91
93
91
91
91
93
91
90
90
91
93
92
90
94
90
95
92
90
91
88
91
91
95
90
91
90
91
91
90
92
90
93
90
93
93
92
91
93
90
91
92
90
91
91
91
93
91
93
91
93
93
92
93
93
90
93
90
91
93
94
90
95
104
1420
101
91
91
93
93
91
91
89
93
89
92
92
91
91
90
93
91
93
91
90
91
93
91
92
91
91
91
90
91
90
91
93
94
90
92
93
94
95
90
93
90
91
90
93
91
90
91
91
90
93
91
91
91
91
90
91
91
90
91
91
92
93
93
93
90
93
93
91
91
91
89
93
90
92
91
91
91
91
91
91
91
91
91
91
91
91
90
91
90
91
93
92
91
91
91
91
93
90
93
93
90
93
108
92
90
90
93
89
91
94
