2225
484
343
447
233
216
226
238
229
223
225
241
143
108
115
113
110
110
110
110
113
107
111
111
108
110
113
110
107
107
113
113
116
110
123
120
113
108
115
108
108
110
112
110
110
108
113
110
105
110
112
105
2826
110
115
108
107
105
110
113
111
108
108
110
113
110
108
110
110
108
113
108
108
110
105
110
110
110
108
110
108
110
112
111
108
108
111
110
110
107
110
110
112
108
113
108
106
112
110
111
110
108
112
105
111
111
356
225
221
220
216
231
401
462
481
501
466
381
265
225
226
216
225
226
220
226
226
226
221
220
216
225
226
220
226
226
215
221
215
225
220
225
221
216
220
231
221
220
215
220
221
221
220
221
215
226
221
220
221
225
226
301
220
240
226
215
221
215
231
220
221
221
215
220
230
225
220
221
221
220
4505
215
221
220
226
220
221
220
221
216
230
216
225
221
226
220
226
221
226
431
401
421
431
391
441
411
421
436
386
431
441
471
517
446
416
441
466
461
431
375
275
225
215
221
220
226
225
216
221
225
216
216
211
220
216
220
231
215
211
220
215
220
221
221
215
221
216
216
215
216
220
305
221
225
220
220
225
215
221
216
210
216
210
216
221
221
221
220
221
226
216
226
216
225
221
221
210
216
215
215
220
216
221
220
221
216
215
236
231
226
230
231
220
221
215
216
210
221
221
215
216
225
216
220
216
220
215
210
5618
231
220
216
215
220
215
221
216
216
210
221
215
221
215
221
215
216
215
221
220
216
220
215
291
216
220
216
306
216
220
221
225
216
220
220
221
215
221
220
221
215
215
226
226
220
220
216
215
220
220
452
215
226
210
221
225
226
215
216
220
221
220
441
216
220
221
216
211
216
215
226
291
216
221
221
226
216
221
220
215
211
220
220
220
216
220
221
220
221
221
216
226
221
225
216
221
216
221
220
215
215
226
220
220
216
215
311
230
221
230
236
225
221
215
225
221
220
226
220
226
221
220
221
216
216
225
221
3368
225
226
215
216
220
230
215
215
215
221
226
215
226
220
216
220
216
220
220
220
220
221
215
215
446
231
220
261
216
220
221
216
216
216
220
220
226
220
216
220
215
266
220
226
216
221
215
226
220
296
220
216
216
215
221
215
216
215
215
221
215
226
215
210
215
221
215
220
220
220
220
220
216
225
210
215
215
285
220
215
226
220
220
211
226
221
215
215
221
220
220
215
216
215
216
220
220
221
216
220
215
216
211
220
221
216
220
225
296
216
241
221
215
426
211
215
220
226
216
221
225
220
301
216
215
225
216
4014
311
220
211
225
221
225
216
220
221
220
220
225
220
216
291
221
215
221
221
231
216
220
216
231
220
215
220
216
216
215
286
216
215
226
215
221
215
221
216
216
215
220
221
331
220
220
216
216
215
356
215
220
226
215
286
216
216
226
216
220
221
215
216
221
210
221
215
215
216
221
215
225
215
220
215
216
211
226
215
220
215
221
215
216
216
225
216
215
221
220
211
220
221
220
221
221
215
226
220
215
210
220
220
216
221
215
225
221
225
221
230
226
215
211
210
216
210
221
215
221
220
206
215
216
225
221
220
3573
226
221
215
215
216
225
221
215
216
220
221
210
215
220
226
215
221
220
226
220
220
221
216
220
221
220
221
225
221
210
221
216
216
225
226
215
226
215
226
215
220
215
216
216
220
216
225
211
215
216
221
215
221
220
225
220
215
216
220
225
215
221
221
215
226
220
210
221
216
216
215
216
220
216
220
216
221
221
220
216
216
221
225
216
221
215
220
215
215
226
226
210
221
216
220
216
220
216
221
225
221
216
216
220
221
215
226
220
305
221
226
226
216
216
220
216
220
216
225
216
215
216
220
216
220
216
210
3203
216
451
220
221
225
221
215
216
215
226
221
211
216
211
216
215
216
220
216
215
221
220
226
215
221
220
225
215
221
215
226
215
221
220
226
215
216
215
220
221
226
215
225
215
216
215
221
220
220
221
220
216
215
215
221
215
221
216
220
220
221
220
216
215
221
220
646
291
221
220
225
216
221
336
216
210
216
216
215
306
216
215
215
216
215
221
226
210
215
215
220
215
216
221
220
220
211
215
221
215
216
215
446
216
215
216
221
215
226
220
245
226
210
216
225
216
216
210
226
211
220
216
220
215
215
216
226
3839
215
216
221
220
220
225
226
215
216
210
220
216
215
215
220
301
215
216
215
220
216
221
210
216
215
221
240
221
226
221
220
226
220
225
221
220
225
226
221
215
215
296
215
220
216
220
216
220
216
221
216
221
