2008
621
405
223
204
193
225
208
225
218
228
251
204
201
196
223
218
201
190
198
210
195
251
198
205
193
213
216
215
236
185
184
268
200
244
186
191
206
166
196
206
203
230
191
188
201
188
198
223
191
188
195
180
235
4395
243
229
226
193
202
176
198
203
200
198
191
290
225
175
168
197
203
228
208
199
216
223
213
200
190
217
178
228
229
203
213
213
193
261
198
225
210
200
236
235
215
211
193
198
196
203
173
176
193
236
175
197
209
200
200
218
221
226
223
207
221
176
170
193
205
178
233
215
223
216
256
251
214
185
215
215
281
195
198
230
178
210
200
201
203
203
185
191
210
188
200
226
198
203
223
205
218
444
123
123
123
123
122
131
123
123
128
130
128
120
123
128
125
131
236
213
214
188
188
175
173
196
190
208
180
213
210
4405
213
218
220
185
216
185
200
200
236
201
195
198
200
210
203
176
228
182
228
180
198
183
200
208
185
193
218
228
218
223
223
220
196
188
210
176
195
216
241
230
175
205
231
226
196
275
218
216
211
208
185
200
213
210
208
253
225
193
215
212
180
218
213
218
191
218
238
205
213
203
210
240
188
223
193
205
202
223
201
200
193
197
196
238
238
201
188
180
211
193
178
228
223
356
195
204
192
171
193
209
218
190
215
213
198
211
215
213
173
193
206
205
203
201
218
198
183
195
190
183
175
183
188
193
200
245
228
5102
198
210
181
196
183
193
208
233
221
211
200
188
208
196
195
188
209
198
203
228
227
183
190
196
205
171
198
230
203
188
206
206
190
258
198
246
215
215
223
203
198
192
193
193
233
220
211
223
221
183
191
251
183
211
205
193
186
248
190
208
240
238
208
213
185
191
192
178
207
186
196
225
186
196
176
215
205
218
206
215
218
220
225
198
206
186
191
175
200
210
201
198
203
235
214
201
198
201
190
208
201
185
203
199
213
205
218
208
236
213
208
221
203
274
238
193
216
188
216
202
221
200
198
177
198
185
185
4857
223
218
183
198
199
188
547
531
416
441
456
451
371
386
390
381
386
416
395
461
431
416
426
401
396
416
360
365
421
446
406
427
491
381
356
431
416
431
386
411
345
386
406
391
421
386
391
355
361
436
406
441
386
451
441
401
391
431
406
391
441
415
436
451
406
391
376
366
401
351
376
381
436
426
426
441
485
501
431
426
436
406
436
421
376
446
416
426
536
476
466
441
441
456
456
415
466
390
431
451
451
415
451
456
421
451
431
451
436
456
421
436
466
446
441
441
431
436
436
431
416
446
416
441
436
467
436
9557
466
456
446
426
451
431
426
437
426
431
407
461
406
481
416
441
386
471
376
436
451
526
451
431
426
426
461
446
476
371
496
447
506
411
455
466
527
431
466
416
436
445
411
441
415
476
456
526
487
466
451
436
406
426
445
426
446
486
446
421
400
426
461
466
441
451
466
431
446
456
446
486
456
446
445
441
447
446
446
436
441
435
451
425
436
441
451
461
461
456
461
451
431
556
456
441
431
452
486
446
466
446
425
441
436
436
456
421
471
441
406
442
466
446
446
446
466
441
436
435
441
436
461
451
467
456
471
6290
481
411
421
436
451
466
481
466
431
441
431
421
451
441
426
436
456
446
421
441
436
436
446
451
416
425
476
411
441
466
396
451
461
441
396
416
401
437
416
376
416
446
386
481
461
421
356
406
476
396
395
451
430
356
431
426
416
426
451
421
411
370
436
411
451
416
441
436
447
421
396
396
386
441
406
476
356
511
482
441
477
431
446
446
391
421
446
447
456
431
416
471
471
416
446
446
451
426
496
487
411
397
406
420
456
466
521
517
451
425
401
386
391
436
421
421
421
431
396
411
371
396
426
421
466
527
451
8585
376
436
411
401
431
511
446
436
425
441
471
436
446
497
386
456
431
461
406
471
441
431
411
360
396
346
491
466
426
426
436
396
411
441
350
411
391
446
441
431
406
441
431
471
416
421
401
391
416
401
416
421
416
411
456
401
431
376
436
456
396
401
396
386
431
446
446
471
401
421
426
436
497
426
396
396
431
415
481
396
426
451
381
441
411
456
441
396
416
381
401
441
436
411
521
411
391
416
426
346
481
456
431
376
401
416
431
542
421
415
401
411
425
406
426
391
476
401
416
406
441
441
417
436
406
406
427
9211
416
431
436
446
456
436
406
466
411
391
501
396
446
425
441
336
772
241
246
256
246
256
251
246
256
246
251
256
256
251
245
250
246
256
251
251
245
250
256
241
331
250
245
241
251
241
241
240
245
281
