-121396
-373416
-403472
236600
279645
361299
-221534
-970048
-775066
640
903220
671205
-174171
-295901
-640887
-169359
788392
523047
-281825
-221904
-166103
-460158
161977
292446
-979738
-524212
-631637
-542685
412355
-390913
-20575
717339
230671
-882304
561295
833770
549023
36843
-363159
280545
-673435
747697
238354
351059
466381
200510
-187023
-259829
-545938
-627750
-287247
-843234
-881459
-426180
-561965
-726447
623710
538942
-935261
91684
567961
-108521
-246174
-855344
-649464
740169
104379
945860
459563
142849
-616509
251333
-413569
404113
-356364
-319866
51674
-774484
849233
118708
-481280
596431
-325879
188750
518505
700554
730139
731077
-207473
-237442
608743
138821
-925674
-883367
676346
-546498
432203
-216473
-564927
125981
887273
963272
-35448
638725
-487206
-385243
319523
421555
-962883
-256425
724266
699977
-310141
-826124
-672001
435948
-889047
-486465
-565381
652943
567199
-335368
803094
181972
469040
-783611
136856
-270637
-981412
393508
113849
-589350
-997974
-903805
-734182
-994433
80532
-721558
-305591
-25749
460952
305170
-795422
401267
-308710
-727210
-444454
-797319
-565411
-860640
-435635
-23001
-592594
384477
274079
-922966
973051
192221
-853391
623772
988407
-576374
-73536
-654433
-390624
-688484
353101
413065
536599
518345
-703990
-516828
627400
177476
-872444
993739
-112111
297973
-106658
-214102
390780
-594789
-766587
-809824
129119
-407132
-394804
-191919
-110883
64868
817424
262667
235245
148911
-599050
37502
313721
888773
-335134
698381
861030
182981
-566586
-327698
225085
532137
707080
923117
-839085
573094
447731
-191560
803640
-510353
-674911
35673
-136658
-790548
-737145
925982
-344916
-419015
43930
768440
7376
833861
-565938
-981682
511467
184131
324345
-747278
730389
662656
-552381
-655084
-704104
884988
859756
102890
954371
-655334
-782067
326320
300966
161343
-851189
-244784
9833
-752391
-622719
-205377
506761
-530496
-606844
880894
-687723
887608
-448834
-104403
-979727
-288304
-125913
621500
-108271
741519
478276
535420
884086
-964593
932855
206573
821132
913768
-32909
606404
-753451
-782323
-346815
-240502
10133
54012
-744212
584388
458640
23315
-815228
-180754
180095
-237831
889514
141071
958978
-83138
107567
-712878
469783
941139
-187294
649193
945531
854625
-760378
-509324
-995636
-89597
-735250
-396691
275679
-285308
-521703
-367745
832287
-153920
-771971
658626
-918523
341280
177741
-661670
-960403
-934292
-290291
-871045
790666
803873
1114
142939
-896648
-760555
369553
22765
-630231
39281
414648
469088
-175417
81079
-208513
-24876
-987861
977105
-586937
-570680
-351408
-185164
-585655
-125309
821913
11691
194040
-561881
830568
-776196
96987
398183
314490
-831120
-776875
345085
-284105
14793
-807823
977300
-774013
70805
-724641
878361
-287510
-101277
744456
-902807
54211
517805
673060
190899
913515
671952
315564
812885
-522146
-282384
-67752
685605
-958277
-805474
-356140
490724
-729280
-336298
838617
-938089
905871
226535
-695458
-860011
-154105
362625
384196
238152
645035
-247418
-521756
-634496
-111516
413153
844394
373879
429198
-373910
-281731
-732046
-755185
293261
-135713
-751893
350613
-504809
375133
565567
-386164
540450
-371831
-990857
907249
937593
209412
-410421
135487
-332657
394149
722399
-481938
911747
654307
-957555
-350965
617585
-377028
-967731
779051
852853
248968
-106058
-103240
415386
-94899
-617235
468903
-53063
744386
133045
375248
117084
-471428
318018
-679238
-579997
-553384
434818
-910580
7008
801305
-200259
-663988
-769724
334303
-500205
9589
551073
762604
-707709
-590164
-926202
950267
-775984
231205
-154919
409047
-421543
310620
-312987
-691783
228585
372455
130777
168875
-782028
-810177
861526
-405819
-775340
-895675
-143696
-578094
-199958
802488
-500614
-363574
975495
-895793
-289192
-228335
-365439
338755
-149621
-677528
-899345
-30729
624451
63344
-434737
452320
-422262
337344
312265
-423068
917113
563210
-422701
191429
-613743
727938
241686
443337
-475401
627536
435434
-928091
863396
-332460
-403593
-777098
566563
-11971
189055
-340967
-968049
814839
653524
-921932
719214
-350638
-915993
-280807
-12435
-164153
-864993
-957833
-343531
938497
-910112
-573648
543463
979698
149130
883758
949511
-542905
605802
-950443
-773437
-939469
-899601
-626718
66334
352504
664720
-65927
811714
170006
-818716
362141
-234803
-65895
-496261
730611
622207
861695
-965774
-938097
359542
-711831
-603959
718723
591504
297774
-208653
387742
-498348
-243521
117660
258908
-156440
-655114
-287535
522257
-208821
32748
894715
-818474
-717811
657940
41214
748903
-131403
651732
-460863
-571416
371682
884065
681505
672575
856824
-719420
-246365
739453
-291156
-959037
373654
-857064
-385879
-553931
792336
623079
766162
-40710
-70311
-420328
444086
128814
739759
336804
99462
269768
354852
-677778
891797
-493813
-518743
774055
25080
-610606
660653
-805783
347964
-126039
21816
921932
327134
690444
244604
-475164
-104749
-790474
615975
829169
-739039
853013
-660771
42888
-238893
-878850
119261
690231
-644955
-773446
660247
824995
-30650
471293
-538955
316565
-998854
-563881
634522
451052
215458
-849959
786214
545758
696339
-607045
958451
-390581
-428858
496193
-944894
404351
-504221
-943846
796157
790642
222784
-112786
-758818
-365114
-140024
756271
-987436
165895
649943
-829387
670965
485979
180539
156160
168252
250775
-819618
-711847
57633
615075
-151587
-386308
-779310
-693794
-8371
226659
-922436
-989595
-865030
738908
-131311
932270
408034
-910634
-287100
490056
-34558
-756713
659373
1000000
-379380
601609
834381
-857822
421670
723471
563011
-445968
-538584
290145
846347
848262
90326
246374
844369
305315
-508636
-858931
-454461
-289535
-528663
-682265
-241920
-498036
644227
-228067
228382
347230
-155683
488932
-354496
-121651
645524
252347
-601946
-85247
60074
560880
925902
-311947
566777
751207
565238
856348
-391606
876574
987398
466603
-542446
-181344
815925
-886536
-570366
-412567
-255050
190641
-140499
616978
-775387
411270
839553
452210
388625
-359870
-832043
737829
-142401
-519821
-592866
783264
-44451
363794
-638072
-443901
-428108
-227230
-597999
-972526
-496709
442433
958183
-953882
310910
225329
-624252
345810
-789384
591680
196
-918097
680349
299554
-387846
-178633
-268317
-395702
892113
686655
-347644
842846
809653
-236406
69386
-852184
270319
-439
-411489
-345485
903849
634656
778950
95709
-51590
-677078
727457
385033
619385
241279
-489875
-21550
520377
-165936
203341
-335132
244762
751629
-116202
-990768
-831622
674683
217362
-110433
48992
869742
-239022
-834839
-744780
777747
-265832
90550
-123058
475241
74943
168468
-358855
890434
218857
358718
-776069
453470
951766
-35579
-413308
-138637
517911
827183
-406690
-765222
709279
61033
525713
950472
-918652
-573851
450059
172987
-291885
13313
-804144
840477
40772
-663307
810924
-777556
654761
214349
-320121
159574
324113
-976308
532539
476576
-517146
-880176
805207
-516565
521215
394545
-40243
-983100
879445
449102
-221999
-143251
-469737
-763234
983677
588236
741180
-884244
-2866
-272998
385941
727098
722046
237971
-795007
722589
-231926
-394316
-141330
342706
876605
547717
92822
-84459
-26955
-100608
319076
-543921
-888295
364037
278821
-935119
167210
-695148
398286
849757
-381883
-118916
395352
259832
961728
439357
561977
-493210
-780337
882444
485990
-71484
-663462
213423
-796580
-621365
506221
-984969
442777
713886
-123198
820323
729667
-264404
-556162
386603
660521
-913010
-318911
63839
816249
640782
146243
-256400
-44217
545588
115642
600834
959870
98703
60139
423527
-133419
-129056
-999516
645290
-368262
-257485
-920854
-212279
980170
-839238
-403411
-398738
-286038
163816
512062
941743
-861867
25078
-104087
-74167
-125440
-265863
358690
909873
-857307
-785923
101646
-974803
35519
-183526
-100571
877577
834773
550375
-402033
-4684
340418
-886568
956459
-312054
218805
59016
-748667
-11761
60072
-219262
-933513
439899
517152
780552
270921
-224185
814482
306514
977542
641947
394569
321500
-721671
964114
714682
896756
181410
-242240
75513
337263
148468
565282
71552
109359
837870
-23345
-622596
-143329
-898807
-290760
-979764
-736810
826684
-981132
751878
-988602
709766
507835
-798713
741079
334979
-545196
-637106
342743
-263598
63699
-995953
439170
341977
181041
-303949
-746629
318140
-224651
-986949
421831
766403
-381181
-499591
-48034
504810
-295296
-43064
43924
276915
792028
-524940
242440
-117169
-443453
734644
-192816
-65141
253809
-402606
150261
-105821
-327157
-128516
-566930
-303560
322942
694740
-806906
-375944
306995
95781
-400018
382737
6929
-660826
-780682
-203933
-145036
-294757
228170
883068
936109
734280
-709076
-693383
-538727
47059
455409
-680131
-360781
432300
-130882
122969
301133
-460612
348696
250680
739176
39863
329879
159802
-583107
-504002
165024
-254794
787124
-856675
-967823
-34787
878289
-142714
756411
608678
-402707
-208527
-321837
-825575
399085
-142156
433129
140173
271029
-574613
354674
-752828
-972048
-87111
993038
636119
-720904
-40254
878291
184438
228152
-35311
-350621
-352738
117528
313009
232787
101559
504400
324777
444142
-303082
-617454
822813
-849236
-83441
606972
-915313
385226
-512557
129063
-9212
519536
-542675
-699442
-489658
249959
-57129
575365
-203735
-337630
-508222
561284
829736
-545694
-875197
-959224
-429535
-67554
582313
-125812
-734309
358565
733559
617337
650776
269288
-435052
710608
-377910
-159243
426274
-36321
798990
-321971
80232
-78156
-72602
-393590
-488313
72732
572900
223546
19850
65760
904078
-17065
-986899
357115
-981177
841045
388952
594915
-369601
-313377
325326
995773
-902390
-820638
112530
193481
409542
-785461
-328743
352486
735845
-790928
690084
-5100
378987
-459746
430509
953198
948446
454838
412650
488120
460640
-698911
711553
695490
401500
72505
-978362
-416794
-952485
-578312
-95844
-380361
337133
-61936
647285
522874
-356046
569385
-249021
-655786
877202
438931
136616
-930022
-358609
529330
-828758
-709621
-754935
242023
-290417
-69819
-625203
331547
-792414
284744
542338
-855512
-754714
88666
-357251
-329779
-915385
886362
-192326
-180896
-455686
673103
-833941
-153130
330447
-455099
706734
187356
-894703
12336
-128496
-795401
665816
308062
-36272
228117
-465463
531510
584452
163723
-716666
84240
-193150
957096
-645904
-237306
397196
-649783
751499
-433484
-303366
389061
-598892
-288243
843656
437882
644809
-879499
-62889
-305475
-5370
-270717
906045
800650
212703
754055
-179988
-329741
-748703
266643
-352529
186594
453049
-535
992738
14991
-788719
403946
779798
-562076
38621
844986
426461
-166522
793468
5083
426358
-832960
718312
-359872
-632106
-132626
-810801
952655
84135
-294189
-117101
437972
820234
-236341
-132758
49472
-930048
862608
-102755
-922929
-230397
-476267
-585579
927583
-415910
-870874
-325143
-949782
186851
-920035
777507
-485130
618083
860728
507685
-249092
751325
194648
-808122
863485
-350760
715428
312380
178229
420570
-470317
-958071
-550617
482645
364699
-621266
-595458
685064
-531989
421528
-274199
-981130
521187
-946409
-48400
588422
711586
434517
-881378
-928317
169922
-140439
-347730
-152840
548883
454272
-51261
-469908
808589
-357820
-762916
-372222
467599
436347
732844
104543
-585508
692600
985276
290924
341170
641835
-969560
-932076
-585864
-779588
854885
432835
-872899
-844363
-302630
587869
-942886
715793
157234
-449297
-498431
471878
-439790
283315
926330
405107
-274379
-550289
650572
196195
14393
786888
-440218
-985176
958062
-156271
-556271
249747
850519
-318087
551537
-990441
51858
210384
-351466
434196
959462
-959908
864559
797114
69320
-737222
-192699
-724919
-352322
720130
298232
-275607
644030
583538
803633
922585
-280924
-731449
412813
-231660
195825
906217
-392419
-893853
136430
438778
679846
-702345
-404844
967784
-610660
-490025
398555
-839507
820942
-35760
-265645
-232066
563187
-109948
-578007
-505008
-292265
-774436
-436832
692509
-823097
-838636
473854
955502
-310022
-403879
19408
773894
803279
-845851
-132572
684826
585549
416340
856441
-569177
891399
-31661
820228
486114
-342986
990931
-346888
846118
177936
491528
573273
885131
671120
197563
628359
371114
684416
-401485
240686
-755323
609219
569184
288737
-543566
228479
263134
314395
359250
702613
-500565
554567
-909270
657107
436469
-845298
275743
-386508
280884
835084
-161863
-366434
198571
134703
-376737
833646
894796
708980
-752737
441414
-101913
182273
-858166
-851441
633716
588390
-550866
444368
874195
-5651
-648515
-170389
805034
-836181
236628
-418948
636911
-876541
-509147
995359
492769
342325
-595887
253785
184706
568214
-651989
196382
771681
-395194
-381812
-497611
645060
-736969
-856103
547589
162038
399358
-361438
-377067
401529
807485
-774832
-901287
513699
441661
192274
167838
301629
603591
106509
-720260
-94468
-826972
10657
-771132
776659
928487
574481
-326270
-313988
-868676
-659098
766631
871640
119083
421238
-276104
-739487
-586941
-467140
-290956
-869621
148561
511006
-570349
164874
-148045
-298532
-681530
-894358
-136196
-710801
-655640
-628589
269881
173846
472173
-257643
524537
-325526
-689779
-13302
500745
-658106
470801
171986
914782
753930
546385
400175
-545413
-561802
-230306
909579
-525765
-580639
308707
281843
-734330
-739749
817157
295941
-886791
574669
-150977
907593
958179
-147090
639906
337368
211628
-721999
425151
646311
75781
-135480
-248950
743723
980758
-171437
-115737
133753
603874
823607
-433620
-665910
-606765
247583
98132
-357696
184076
-699341
-467684
-283151
-758787
952118
273741
359828
-591548
-765299
347355
-780546
227039
-326513
979958
196974
-902746
-221697
-158824
-189376
-116995
-67989
-536126
-459992
-24938
-861513
431602
-125668
-970433
-541087
589939
-473975
-893291
-179771
-39921
-538821
-885726
68426
595291
799363
56882
194580
-764217
655613
193708
818805
4187
-485960
-606992
548167
556528
-42133
-854362
639332
326105
919688
-339703
520616
-907161
408040
7498
525041
-889302
-771833
-415920
-629144
486265
946501
230099
554531
-546484
596076
-195158
-210618
-861862
658002
37728
788049
-131802
-989583
-463423
-549525
935389
774192
213823
-890391
-965123
-804175
-555281
753504
-932954
658094
234518
-717776
523677
789329
764574
17087
498947
462975
-882624
-234786
276974
-290870
-699247
905581
-185154
-843815
668611
-849534
-378623
-801538
-283906
-589396
210280
-271351
906097
-118184
104328
885074
920698
-534974
-998635
923739
-527121
507383
222293
-947216
111275
288280
380975
524852
347975
304390
247966
439669
219967
-579719
149721
497657
-528724
-377674
-790200
-134348
-223652
-862012
-566379
302728
-705670
-284962
-877061
-428995
-480314
-543587
688656
344416
-162761
-515952
-838529
656278
-781575
-206113
579040
-790559
655336
-912541
771188
-810425
-714740
947686
371523
-224742
408843
365597
-443185
785210
-468252
-636240
466749
316006
-205515
-669489
-973412
43101
73709
-203249
-152818
-487749
-60047
60508
-878023
-815923
923821
145376
-791307
582368
-282792
868447
-582781
385039
426060
356852
-193102
-476410
643947
-790528
756129
365899
-96626
366307
-358047
813714
853078
87071
