-44585
-336247
844640
330870
976349
318362
225309
-513190
-136018
-500784
144492
-153724
919569
-892958
-945380
-570660
-593366
774162
-502937
-549575
400001
-23991
487554
912088
-54350
74309
952009
-408920
-636805
125314
-39618
67630
88922
-916204
-793122
-970728
-958725
-991125
-321691
-475451
876389
973849
960569
-815
17081
53274
-626540
-18357
140771
-173034
-409787
-321830
427863
-511713
-4282
256163
-448530
93690
844401
-251221
93504
-910701
986526
-292770
671187
971512
209781
606627
-19904
-475747
890221
-846128
688554
-307803
513093
-333375
400679
12232
-398605
766465
523612
28235
-216491
20323
-563756
-525647
28159
-27761
-644118
739549
-724956
447518
-68438
-665693
661591
856027
39187
695028
-546383
219305
111010
-690487
-676154
82465
768698
819793
899511
-608586
529572
490063
-974891
-665137
-265604
-695032
-574514
-704716
250127
330777
640395
253740
-642660
-962682
933682
-985478
-672434
836948
-432822
-282134
-691801
656387
527582
793281
-596235
-221929
-585371
990167
-903965
530288
-994064
-858397
-190132
684604
-43135
-383027
-12330
967228
-762269
733069
-239809
-915899
134745
740849
655280
-895664
921904
836698
-16955
-151109
-632238
774336
423603
-356464
-230807
543512
685371
-864179
-126064
632565
-876945
705056
-203466
-341708
-745497
418775
513045
473038
265270
-888895
-703438
-892006
780118
161157
-241709
710348
-971713
585772
-953511
-963644
-183143
260304
298237
-699622
303590
869238
-368423
288887
412202
-497427
-92349
-729993
-990349
698633
255435
411641
154921
-776768
-385309
-374878
-788788
-992807
514651
-479509
840710
385860
-44862
-425691
-137816
-772998
-474189
900052
708813
152094
452713
137251
-238917
215597
342940
650048
-533457
689823
490903
-795224
-134354
-47938
-257171
-220772
-503229
60928
629750
-333461
235909
-483114
741839
83774
474415
-209770
-316046
762016
136525
652501
272423
590080
-634657
-908897
-663970
881905
184193
665778
-887671
-841360
-391654
220121
-302490
77418
-67122
-242692
-453502
-203113
-16091
32809
494832
-425918
-607609
266392
44695
204488
-192728
206397
908446
856578
376955
964847
-734890
-94423
-502853
-369669
545725
-417711
237905
297071
92919
521899
388151
-505483
-746630
245197
-151872
-785584
-499906
-845062
-161998
-199956
-813692
-616667
683544
370207
-139678
-302268
610060
-169924
233853
-413223
735438
-999062
345644
-789090
-129178
-723387
-206672
-203421
-201754
446381
-60107
-790556
272376
-831848
-54541
306131
-525738
102464
770143
-339374
24857
947124
-57615
-111390
399393
-159365
319591
-393329
-367041
243244
-858688
-436059
4315
372692
826753
816852
387451
-86212
435424
-336833
-626932
429333
-280487
-236328
953731
404226
498225
977579
-149159
-896031
-561495
-319501
297640
479563
-608276
227785
-348146
16418
175231
743063
259326
-707378
420996
282801
827869
-528646
69706
410771
762585
-276991
998420
-337046
-994421
246868
-489699
-949692
-158957
584795
40950
-827288
373370
813452
-340140
-828196
400475
-74091
435732
-588334
-939887
-715397
-646759
-375136
153217
688450
945763
686327
297585
899557
535089
-640275
-963281
-789061
-169376
-238134
-620266
40107
-436370
-262700
-372972
829646
141718
830574
-979960
435331
175774
851956
103309
985730
69017
-867225
516695
-263151
-902654
206387
-51256
-299001
-598555
788803
763451
439419
152271
958750
-505893
-53420
-286120
-127304
973051
-466973
442733
161638
994030
401857
-538030
-356123
764983
-935573
-314150
-75356
411838
-515312
663143
777155
363313
-110420
-452923
79259
-887185
-828192
-206459
520870
-967039
625821
-314338
-814084
-492279
-576385
247109
-543605
786022
-756455
-958243
815124
-816713
547224
116472
-236922
434032
-897214
-296543
-687354
-991842
-496348
359950
574582
-419994
458779
-559386
-620132
-563708
-561527
72933
495191
170679
998208
-589597
-54323
-909524
-203465
-123247
-273422
-83257
221767
-515029
-351115
-904241
-369936
-567289
-786856
-353206
-237750
-895303
-654126
-527521
-164832
-928323
-240428
-913605
239098
21116
-610940
-841759
870987
-774349
612251
91093
604104
-738690
-940907
-356275
929045
-152253
-781346
628747
84622
807482
9728
706379
945346
-141070
-238133
931507
-508838
-515433
-312815
495635
21293
660968
181017
795095
406046
-391137
-217715
-815313
-3144
109339
595993
747979
238586
54681
651819
216076
-895313
-147331
-503597
-932888
-541071
-464182
-79371
-260924
-907841
634884
331870
-813775
-730363
990766
-133503
904517
734384
-417176
-816040
-182751
-368555
967841
-620884
-604466
-11796
14527
-873438
-438511
-650162
952029
669355
511502
618668
517495
191371
-441221
994296
-78321
-900623
457286
410104
-105354
973075
-591565
447172
724235
209516
-217199
413242
-706548
709924
780396
-419271
285982
142410
-362967
-116241
185380
71451
848217
109690
-826166
438513
-252346
-305412
459200
75053
-724488
-834937
681958
-147539
-318978
156315
50225
507479
207503
-732353
-470640
-79642
185860
494529
302211
453101
-427080
503447
458471
-601915
760873
740460
-833511
-189742
-262362
-848370
-448652
-44043
110504
341136
-898125
-695536
-995353
-908927
674310
405587
588590
850970
-108037
125563
346379
364697
-783896
943000
340080
687980
602661
234116
922735
730540
-294143
249006
-170273
-212314
-320354
287517
782748
-635347
414713
-9443
-906919
230880
-549465
499268
-758698
421601
-489581
826331
-781089
-147347
-21329
894517
132190
947628
256260
973386
-825412
986970
-268460
-497779
849966
257745
182973
443847
-768987
507807
-762802
12226
185969
263245
293337
239160
852121
-657728
504469
-484140
-729739
-390654
410375
-700141
-494259
468088
-156791
-527306
413178
54679
-1829
-464070
-105956
-597269
440773
159048
-779271
-815659
453067
143239
-70561
-652874
-546212
-447746
39811
-838349
212245
-930057
515967
869571
977021
715971
444980
-644312
787732
-202988
-231222
-602287
-346545
-255046
-733035
719602
428435
-912162
252445
-607890
-294185
-538441
626611
-353603
-512509
-251215
-294595
-419258
595049
877124
776578
986278
-40142
847594
246979
363045
-516185
-57225
607326
334080
575984
-776001
553088
352178
133475
-533333
899814
-447941
601993
-429680
-727118
323968
-244525
589205
824664
17268
-497332
-135468
-459800
287249
-856265
-599106
-648741
-424616
638739
-716058
-397296
326722
-271436
-371538
651188
-362925
-337279
870612
486851
-991711
-775270
532034
-563026
630905
-633858
623618
13836
337530
-508805
-461603
-227873
-373029
20676
-866036
147601
933921
-705849
-324322
757243
-948430
-469941
231260
544025
182040
-881282
841215
495907
667662
-103209
493945
-890467
193885
-616122
-985755
-481714
-13232
-422319
965480
-883412
373809
410684
588712
881956
-136910
-323511
-643345
-978916
37402
-202505
58181
881464
-401637
773015
-953722
700416
-871791
-548124
-660499
-958133
70752
318966
-15095
545901
-749386
-152841
354278
237618
-852826
178878
-421771
-919467
601135
632531
289376
868625
410504
-869953
552232
-60132
-626382
-831723
-165441
-803606
77385
-350477
-678125
-590097
588217
755014
-998811
-615622
-539687
385477
-236905
19970
-751318
-310925
678791
-581531
-206687
681768
425680
-969158
-505502
584498
-990723
-423633
94966
298952
-644723
-950247
-465233
-737785
-279577
-224280
470679
-123980
-854632
-30509
948273
-660330
550945
-558573
-24035
195568
-932960
-550445
207718
-989671
-888849
-103656
-597951
-587754
-421567
-326867
-961929
-229597
655115
241362
538991
63562
977195
222707
-805548
-349366
524919
186823
-830194
-742723
293052
276795
890914
262778
404030
687891
-147943
-551686
902350
165662
-60531
34997
131752
518367
789273
315444
-796021
-667854
761435
-206037
702008
-46120
466520
603160
-792123
-271942
869068
-389612
806156
-419208
-539377
-211041
-502922
988882
237316
-991450
-803871
-835510
-124667
-451529
894067
-295296
-461590
-221596
617767
532175
-446488
-52350
-786049
602175
-42353
837080
137613
-718794
-237522
-216983
-344906
1559
459053
154591
557481
-782723
-93590
-652581
-578672
-368286
-520725
548457
803951
-82721
-175293
-905760
819695
-618827
-915274
416079
-326249
581710
326489
189037
-482330
-845582
971930
283515
-352253
57713
-122860
-218941
-542728
779411
-322993
-663699
660970
522167
-725
-388934
582921
962054
-678264
-370276
527800
-996745
-691609
982478
97796
-63536
973977
-328517
590772
134809
100764
-815115
-439902
518576
434676
184236
648237
828810
732416
805752
-121889
-614717
-307059
-944104
964706
935912
-523771
-514542
-804859
133103
-492435
-715317
606012
130749
931002
523821
896447
-80201
363954
458803
969138
997502
-858797
-28987
-130314
-867788
-346089
-341662
660108
-130975
-967191
-831774
785888
132126
-230663
-587957
-345371
-364211
289562
-67461
-929868
640657
61773
-741292
157191
676967
79473
-643591
216093
955183
-926602
-898029
903721
380491
248508
-653997
319939
760861
-150279
302973
54343
-806236
930116
989035
-758812
564610
470138
603124
-498843
675000
-676468
-790103
889342
-584094
-451632
597574
-499054
-590857
-645089
245538
-120611
-966211
-714744
914384
-21848
-758737
-930475
-691393
-753562
973123
-49735
963495
164247
955090
-99050
-30476
380247
-192474
-891296
-629627
-895349
-797510
-485229
-516541
-913530
-477631
621624
-622799
-144613
527568
353766
385806
360924
-967743
-577820
693256
-649359
-878541
418833
-873333
-613749
573604
-438629
-101024
708572
646951
-877492
495390
252926
514739
-610377
-836610
-316498
367955
-583351
-534287
-986080
-321119
206703
714275
-873871
93007
-187367
-129117
197525
-811367
-615329
-784670
101727
495477
68570
-277403
-369731
625698
182413
-650025
-106221
-59747
-225928
-156164
-682454
-550177
-873150
620118
35469
-527452
-341630
946162
-156137
-587166
-338298
95165
-320073
733449
-277228
407422
-892999
295132
-721117
611799
-320597
177213
-756566
820858
-909278
880575
479177
718259
798047
-429389
351527
930570
-148497
284233
-311669
-536828
92276
693661
149096
-774299
383373
483673
484377
-311524
813204
-561185
-638142
-336748
-941890
-2018
-752081
243155
308733
-281037
-196090
360055
7691
-517390
498447
310937
129728
737677
-268097
-601591
479261
821153
-277817
935162
-958345
767920
572236
-671788
-39025
988543
271367
991572
-517745
-764204
8711
-844845
-697985
186707
682217
481654
315296
655568
-567334
-670222
18753
488241
492319
93818
683610
688885
865094
-418704
-406170
-137812
-628498
-181151
-509765
-116070
284507
717084
-783464
-825283
413282
92740
753206
-667765
47483
-78082
-408664
-973902
864492
999656
269959
433402
136990
629523
-438267
-905996
35239
712435
-737503
-288938
171307
541564
374694
601942
214008
249559
-14564
492924
216088
-151147
-899593
382091
694329
117060
-199085
131491
88679
34396
525374
769836
-603904
-765874
-963583
147484
979398
519994
-431025
736812
727287
-637581
850218
-424506
108889
-462923
-962689
737984
883163
133052
313401
309776
559331
-410206
-295668
-979303
753515
-197068
-575124
517341
663500
-613404
-404920
-805392
-837367
410455
-541179
304753
-54905
838235
109003
-210249
-358617
676157
-447142
-982260
405346
-502422
647598
588376
128210
-177872
126503
709478
-788141
-288113
137721
-293651
-97352
543321
-322859
-394376
473824
967485
865710
-13011
644660
188735
-922542
-145694
901122
254930
239415
320280
-193956
765034
588346
-332469
-214538
902628
938446
607000
-706697
101487
-478655
-556877
-341517
-175764
63013
-830627
-590526
-859052
-425190
612996
766609
-152886
65270
-715301
938576
893177
124394
-980421
289778
393344
-649149
159470
-22777
520805
565041
-66545
-658129
485333
-176331
773569
698427
863153
-455692
-132212
-536801
-855325
-559487
480068
-121634
-381935
359868
-886639
388436
-830751
-52087
-465915
230446
-648377
-884916
-147478
111351
184490
-297019
371834
772707
-119969
-561617
-408991
-939338
-179965
-599489
-136860
979027
-16608
174496
-932842
-272612
403361
-296363
660980
659682
427802
537281
-100615
-888152
922654
-129685
709870
-13795
-164513
-383844
986130
-443566
999741
-242949
-321825
738584
266551
-328866
-937531
-893058
48953
554175
304591
-586849
-839969
-752444
-593942
668012
-115317
583415
557483
143686
-646489
995770
346345
199683
-323323
718915
-52962
280283
682470
84407
560388
344653
-206438
-179420
-295564
-783866
230335
-700318
96433
478036
-266848
231393
-67960
-303004
54961
-784219
425643
550061
-262687
-286208
340394
617192
-197867
846268
-536001
335971
607725
-324468
-655939
-314903
479086
-237219
-975096
813517
606332
893981
-731063
140934
427011
718586
7022
-835756
502498
750375
130233
768493
-694311
-963780
-27954
-814469
-631727
-692517
705244
-968779
-182578
-673857
727329
-250066
618762
-771587
483942
-580660
-849077
103886
605721
-71817
-509774
374849
-757293
-455639
-530620
-745827
-94425
-251485
-499
341415
192863
20734
585031
284093
283968
100528
-951532
-662130
-886215
188958
-668614
3991
499999
-691929
-111687
-992143
-988008
105020
512930
-410126
-889897
-967831
-766402
-968719
-2627
-346868
392410
-237591
-286373
-943203
-850531
297789
301065
179099
938553
-26756
-309404
-399104
418714
390175
980844
738098
-348784
-442037
-503972
895411
217590
-899453
-191350
-850995
841115
-238729
752488
28769
-258940
117541
-804167
558241
950752
967284
223675
93462
918411
691081
93738
-489295
-27627
310134
379889
-841392
-765631
-568686
28140
-688222
-947178
-96163
148644
-161345
109222
-772674
315460
562982
583701
565337
259154
-323383
-834766
475781
-543479
-325938
-220903
667986
-390707
-516310
-249499
-38598
238704
398379
581957
-721245
886049
-268482
-386406
362810
-465145
-913614
338987
-303788
-47127
-796158
-791700
-680587
-65377
-319142
-287196
-382839
208045
-216590
585117
-598135
813992
-738672
443597
978046
-405005
350256
79525
-539192
-967903
378270
341877
-841870
-128786
-478060
-529287
818451
595900
4918
332850
49206
-543863
338554
-960360
-206042
-495443
-19498
298869
-78212
937795
318595
862964
-21560
272538
517031
655899
-952160
-384233
722181
-547776
-242266
970509
-218579
591586
-784929
521745
494564
-65248
674574
135149
25609
276230
-548251
198807
-700661
478571
42377
-396284
616476
-836099
-209317
444087
189599
-804330
-535174
220692
393601
-375185
-967976
-274229
-670992
374746
-434995
-921836
478503
839319
-909842
39823
-823407
933141
-537823
-427114
822464
263860
-642382
-829631
-261946
819982
-528128
429905
58379
978001
-670379
-71595
443102
562370
74568
175377
932569
-853786
-822527
940508
-657812
532672
-201565
90665
618417
164264
-611747
-832491
752699
-220877
-323918
-468020
-238731
-541548
952151
663758
319293
324903
795206
109101
-699707
-355469
-182006
-24450
905540
740028
-345166
-767553
628525
-736373
105544
-288151
-272882
-821287
-770842
286157
-576399
530140
-911188
800109
-844915
29503
-400398
-654616
205029
-729463
765143
-31916
-15477
-185281
-881037
498393
-631393
381190
942512
-186874
437757
57402
765848
-867008
-762221
921957
808309
-842920
917404
-51223
187720
553445
493430
947129
-625146
-141558
929816
-728177
128757
-941420
776478
-794152
260728
711946
578018
-688108
-509588
-720725
797261
-282367
195290
967200
-95288
-685407
635426
-493891
725777
933761
-736446
879244
-140846
579274
-555567
-518038
678534
-617719
185786
-32124
4855
130930
-871534
253098
671516
406437
-695510
997810
-867772
-224674
846653
-202797
913211
-343660
934199
898454
-909850
338420
-322984
-159181
-800096
-713717
125069
272142
-760475
350273
-538039
-218459
193040
-654721
695139
-692629
-985552
171754
331938
782803
663385
-33660
169347
318379
106147
537661
807988
293357
894578
-574898
-593953
-560610
97632
-709959
-335126
-915992
595838
569245
301574
-355187
-820693
25249
2602
696257
-511416
-920845
-654618
355675
-673903
28067
-68404
849599
-410338
-350443
454639
340493
231467
5705
967008
-267278
-328463
-897968
-389789
253092
232072
964838
-513059
-32577
-788561
-363141
-793877
814081
447560
-91454
750543
276117
-169094
-775937
-475767
777837
964018
-395674
-322350
-550999
108598
-241666
854240
-145166
319292
-159527
860367
835705
220518
-713602
-149916
-980902
-367535
504956
879348
-765283
438879
634800
-501693
-343427
-557568
575387
944616
298375
361309
721138
221856
597622
705959
-784628
-352653
-927227
989170
-110234
909957
9950
-520667
-75330
-65554
468657
759779
-533022
767818
-358116
915685
-517290
147081
-62229
-696686
349427
-813238
-491038
-692344
-452308
-88778
-40202
590838
144892
567930
295995
-196403
994053
-433709
-607187
793775
-175837
135023
-964107
-420736
-328257
513663
-21783
604131
-122595
25720
126394
949190
224735
749285
-431411
983666
-965482
275772
383547
-527462
849523
90610
-644357
396372
-706039
328980
-264271
221762
556120
103107
428181
60835
241298
-602285
482326
351099
-339476
-397740
-636722
296741
930792
128722
-262859
-215149
851973
-617460
182309
-158416
475410
184775
-370462
-166049
-247707
106257
-52401
-6801
837969
390525
-613439
-354021
-599035
212659
270613
440604
263377
244860
-167107
848835
-976237
896817
-915772
890227
-182965
81333
670897
966488
702827
-218670
884155
-640677
864465
-931223
-92594
547696
-527441
-232194
214475
135228
257711
851690
-204536
579662
-736878
200903
124301
-868739
847723
526912
889283
-170260
-952531
8672
-734916
-520078
-814388
506628
-383834
131264
436287
-838026
473395
-433295
517798
-465502
-756639
-432354
719299
252231
724421
149597
-19580
-527056
94162
-760832
-204359
426779
-426112
509442
-227368
-668535
-238000
953675
518640
-249684
-931168
27341
354033
118839
459689
675404
-490509
-326590
283582
-937163
-974047
348382
819884
-649850
-981106
-114124
444122
-49611
541424
-662966
-630184
91598
213222
-728352
-592364
-285524
506876
-453410
702668
867445
-997408
-262099
-823436
-767831
-6104
-929866
-990334
-919006
547261
943748
-721212
-387512
128532
149186
709771
551263
313762
-617855
257539
563279
-621507
-390009
-205217
-843193
-866511
-946952
120123
-59460
917070
-573532
-278714
98188
-426096
314195
-963572
-594741
-639708
642686
911272
103222
-973314
224374
472347
365181
-396202
-972029
-164265
-131436
-583790
-687880
-69552
-315226
275127
419678
60348
438703
-785976
-74540
195929
417733
-680349
-313287
402229
-885925
428540
-131218
99508
-599533
781486
-191201
602063
636288
-699938
-913596
-347566
-298377
446057
-404735
-546344
871669
-144458
933307
719530
664470
-749730
774374
-583550
-226621
-388330
-537969
640164
58975
918015
-585843
851648
129124
-997623
278922
187005
-759216
-471348
-75073
745794
-385196
-985931
-509497
987661
342417
4046
-686921
-390272
-817104
179205
-932587
-516633
-741788
-232374
-485043
-834810
-205096
-375051
580953
-180736
974038
363146
975145
265675
148992
566889
541109
630363
230475
550187
-848818
-172015
348826
606498
165524
-223079
-522437
926546
-363614
-767403
-745346
-415625
62152
-883468
-569825
150610
-806400
-608349
-697964
576663
-201779
90989
407625
-521150
-622430
-557073
-956209
-50556
441417
643794
915207
816320
-777798
713727
-396801
797520
-870650
-488280
-68805
-469111
333994
-921516
-597882
-305007
189268
-23487
156494
280615
538585
281818
-998502
-800199
833454
276935
-880874
-263240
765121
815556
943693
-108759
-860165
366759
-23171
348885
-927174
620777
-608003
-110984
863152
972364
-870066
940018
-213934
770156
859383
-290916
312419
369241
-755597
853621
-365545
-608989
-843182
-451845
232510
195714
-740866
215182
-123987
-271584
487418
-68068
907667
444280
813933
-56834
-939499
-688239
-221539
-449505
-464430
-833931
344825
-59380
24187
880327
442114
-220458
-910872
706830
-8369
784634
188617
813844
487386
159289
955249
588116
378705
951129
-942520
-936208
514202
-457839
129395
944175
-235755
-44059
-181467
352471
78232
760294
-804834
-760942
-610309
161946
-200271
-269633
-120213
-690737
967667
-194951
724413
365002
-171344
-119214
229592
102100
564845
-191264
-923682
-958091
-390260
653885
-431669
942097
-80509
76125
-295367
96363
420028
586498
-472950
357960
-369758
-186984
-619668
544228
-453459
-784407
92164
438627
-557147
-358863
516434
355939
-192030
241649
460298
332462
394322
937108
-108399
-171377
435095
96036
-804349
-511801
168390
-660268
-858058
-675928
943961
-716208
719625
422391
103959
-695550
-382566
-624748
-390963
-148559
-358239
124112
-825400
315567
274922
35047
897081
45605
458517
13811
-788177
622319
984366
-545808
933847
-574091
-994438
843403
-1246
129203
601672
-494349
578750
-704702
108305
722611
-583866
-541139
-374479
373495
-478138
-298466
-427380
-887709
-522492
761291
378963
232353
-406330
-949626
-782981
-216544
-172830
-983234
-697076
-732046
995346
91942
474852
812060
-114826
629508
113238
-711865
690621
13829
840748
676729
751351
-102786
-564415
-268659
-881578
912827
-810844
406196
689405
508995
-221331
964445
141401
-595531
56488
216956
31629
-233404
-288480
-524356
353032
55436
-82371
-596773
-133593
-168813
443462
252329
580478
-586781
524579
-36494
-547415
939856
356824
238804
55052
-81566
225308
663190
-203555
-650519
-474022
646646
959870
756885
-784913
566355
740531
864910
483867
185953
-491696
753786
-628574
-53711
206063
-878719
-208485
-900153
383750
491895
465668
328055
-867016
-235671
-38071
-935040
-801623
-809600
87276
432040
-915149
-183395
-835690
313226
-222062
372084
812215
-905600
398493
515411
-781315
876573
-116651
480925
-446728
358586
251461
910293
1512
262514
330611
-547525
-985926
324164
733946
48652
229352
-870000
597377
-482248
-744663
570117
-965320
478912
-401855
878922
908184
-957017
409933
-401108
180629
-501358
443505
-4077
435103
-844996
-530604
-919098
146664
-460254
-919762
-470879
-997524
255931
-27077
382696
-15481
-730803
-272404
344718
-376745
-694837
-395500
828866
-874695
553692
-964733
-376939
-368902
753850
875886
93247
94835
487531
-743832
784338
-690644
809051
-956825
923642
442757
-751466
-540599
590934
-315083
790107
-715247
-468082
-599087
218798
605529
525735
460854
522052
317548
54471
553267
-785976
96456
-338423
-552863
-587196
-306455
-487409
226598
121049
-205437
-101888
750420
-952977
-677843
20748
119779
568012
-322168
438489
-852177
814418
462683
-604170
528383
211523
-691914
-386432
-643502
-44595
-163194
869111
646273
-860930
-10397
712797
-111299
468785
-465635
559512
-246807
369749
-826106
-65375
824767
125368
-618966
235513
301723
-997651
45479
-959099
979764
-183900
81984
-67905
903947
-717823
-907774
-698658
29867
-796120
-57794
-450079
983578
848089
14541
-182551
-689530
237753
56770
939941
-447965
959841
-573021
316919
247337
-259101
-927547
912948
852219
5536
-2318
-398914
-730128
618054
-614477
-547740
161395
-621887
-158909
-387158
658100
519396
-255716
-184152
357645
68530
-262349
-61630
875880
-219086
-647339
875070
-710404
-557693
695094
-951809
649298
-212254
-44494
421654
-373123
-601909
-746257
865113
-851519
909310
985831
-775767
697652
-734198
192742
-728410
-269599
245285
-61198
715907
215634
870674
676955
929847
-408171
-876658
87682
-330598
588518
-559704
-218145
-261268
407501
14457
-158373
-486999
-468213
528555
113947
-35122
-648771
-555613
-796550
-538854
607069
301364
-993982
-260812
714059
957178
-933073
-850421
-272069
61183
-170569
-749742
545013
-474866
337952
-222853
972157
-675449
547025
304810
-880900
-101854
160449
-997684
-415323
60236
950878
706156
-879853
315197
859616
-111363
622696
843925
144533
-954998
826816
335920
694459
-587787
382696
-33161
76498
819606
548252
415337
286459
-413688
-670376
-268356
-676185
-543878
-882564
-659471
-455325
-131678
34302
-590186
391364
-935978
-338826
649430
844202
-674526
-444395
253020
356669
-55964
-951374
-887653
867316
726633
-38376
-826717
89018
98619
-152352
-579320
39933
-278679
-839524
-306780
-500257
985425
717847
146296
337126
420923
766902
71921
-412234
-229501
-825273
988337
116673
-87655
163055
751645
-155635
-666042
-444382
11770
-581286
112155
-877617
-878472
-510390
282317
824381
104903
-15710
-920629
-484767
172979
824543
266699
931018
279734
-486697
782240
-633050
279215
278760
5658
956806
-299728
-243344
-535172
625580
615628
585474
-704372
97877
-597627
578692
-576524
171672
-530607
-894382
-702854
149883
4042
-740516
-493460
678970
810263
-831930
-420973
712253
531980
276651
660332
805391
-120260
-694034
976524
-986901
707936
-541977
-282736
-138297
-761818
357236
351123
-514100
-723561
879748
-689705
245670
-643174
-612726
-362326
759362
-81032
-454961
759186
-635122
-947026
-973831
-662913
-47018
241240
-679738
747794
431424
-887877
349798
-115041
-817198
-203948
685812
-812569
-672780
340546
232135
861031
381902
-356914
99585
-617638
759097
-205107
111962
-465748
-839854
-705873
-211400
33244
-93525
-972486
945279
-546121
547591
246641
432036
-856577
991880
-228203
-952055
-389599
933023
901676
338719
731289
802171
57430
-255198
264181
-431377
376373
-922062
675534
896903
-322175
649574
-959931
55709
413184
-805868
897784
311593
-989711
-105490
541944
-434967
29740
172877
360364
773859
310879
177348
416269
-613108
-24933
289808
204300
111981
-619253
-927550
-180197
979565
-306463
7045
-848882
-731614
-627581
-745213
-415785
-18688
-752156
-576405
714407
502085
447057
19288
531591
-342533
979167
-210225
372022
403031
461733
859221
959382
142171
707188
394237
-636141
347355
671724
-924735
686344
379016
-860807
781106
-880671
447859
-978060
691079
473581
41041
899059
245008
370648
-209475
-204467
-888972
-583625
121956
23951
621103
-746678
-18855
-566866
460314
929620
649370
194412
-823781
327286
-808284
-771647
854872
206129
86454
934184
-500243
813569
573463
-760559
-963375
714002
801208
-31745
-41302
347344
-600255
-590966
-940967
949671
-915039
268430
251468
939240
-686530
-495416
-717840
-999288
908809
-452414
653439
805111
922563
90934
673225
857084
8482
53925
107607
-177229
-656951
-739351
987063
52778
-157147
-602847
865125
342215
928724
-842341
807958
-943617
966749
-329833
-771102
-913003
-401166
-281299
147036
253794
253206
931449
390846
-515944
-912235
-477065
-801076
-903000
-626071
-915348
-30945
707839
-707742
75229
822230
882276
-29834
-576918
-707568
-387620
-645937
-835089
118771
-421236
-839982
699178
453855
-586379
-998890
-692062
-460809
396962
-199180
-222261
-880050
-648266
-605957
-149470
783169
-966462
-857442
-146870
845162
311802
441
64622
-1660
-934394
-141867
318133
418842
933367
-619142
392981
-913637
-515742
775335
997395
195003
-613598
-591175
-155471
758087
-579811
-427671
430228
689923
-23696
-310218
-686461
-378313
390461
710837
-544185
-735727
706846
-971632
106468
762503
87366
-768489
179098
121046
-289289
-237289
161386
-456206
967055
-906908
-774367
-335235
-963902
127152
-753646
158470
145631
258646
512692
827946
-152582
-386945
859736
-18041
366338
-582529
41810
-850475
402498
738480
63355
-662097
782443
-696513
554091
-428824
-555142
-836330
913847
-759791
-340600
-594281
192591
535632
6959
601149
775171
312169
47903
901498
220237
-655500
787243
-320216
11901
-435087
247850
983340
322256
940728
-41747
-577980
-971484
-697466
882739
905915
-514643
-59217
-768586
-437190
92350
-769283
940642
-400183
-21997
80231
55508
-592188
330674
802106
827988
599604
-665813
-481838
-491470
-59726
236562
-983186
-851813
577366
-119988
991387
347161
-947158
-609432
-743094
883685
106331
-821803
-256812
750968
-152706
-749392
-779533
741300
-840422
-745352
-945270
74687
800733
755843
225251
528729
-834932
443401
-653704
645566
710072
884284
-777800
542419
-196722
739951
108207
-420956
-268173
-516695
-178684
952779
111600
819174
868168
-736741
249274
165532
371940
550762
-81323
50593
605940
-606241
-701266
385158
679349
212356
-659226
-299545
68356
413429
499934
855761
-896430
-595508
635442
504669
167815
-57258
995807
762768
-900613
853513
-667587
-459582
12810
386566
354972
-469663
-124169
434688
770220
447314
-881758
-910367
353913
968719
-879569
707215
-402645
-815148
237639
-903904
-993641
989724
137979
-813010
-592410
-616744
-194930
817455
-802238
-238678
-985895
662289
230156
56165
-92072
786761
-301983
-663586
-29075
875056
-411349
812401
373215
-609852
475913
126219
978431
-407600
99713
366810
560812
-53707
-646368
-90654
-801474
-670196
-449729
-36679
803708
193495
-380421
577863
546728
-54715
715343
-395729
706371
645338
-404223
-5090
83062
687071
-112617
374016
-215888
-684369
346347
-738591
484213
-149763
815403
-407456
905565
62755
-284128
235181
-18378
193878
-59838
-281633
-101277
404569
410859
-876424
782602
-411930
665669
283533
659192
-639796
488124
860685
-598966
20448
929077
-613152
-80115
-569343
240618
235623
-166524
183231
-179562
-1222
494263
589765
-816983
698014
536735
-340115
415168
-322798
18829
-906101
15546
-533149
-891852
-868373
-701316
-977052
698708
140505
-936813
479498
94146
810218
38985
516109
502624
580135
194931
342638
470763
-993456
-829503
23562
-579545
-256804
-572813
-95433
784463
-804288
-734041
-101595
-888145
262371
79265
-546089
-413338
972414
-398641
-561006
-935434
713918
790597
807589
225771
-224335
202143
-639325
-11767
210659
53066
-429303
125618
314417
215041
-342836
3696
174567
942346
252627
433864
47098
-457581
-107546
-911785
946636
-332675
-977011
4558
556740
173145
-890776
561870
350526
375103
314200
792142
-908877
-231613
500698
-988125
946837
113472
279307
-336083
732734
271298
-619319
178794
815114
-251068
-703617
-6111
65447
38147
772693
169780
-528164
424127
613708
61809
626151
-867595
196899
394569
-371648
141756
355102
-35847
375464
483675
-93350
-536857
-693922
168167
-109283
-879866
626851
59989
-136038
-400496
-92444
408096
-933910
-619119
125210
355708
315640
-374148
227721
-155196
198952
626986
-975591
-405291
-653275
764636
-738296
-274424
-629579
-195749
-577282
-109283
-126126
-702826
24315
865829
249098
886215
-622134
-697027
-829254
-451829
784651
-552811
-661808
-75022
17000
-609645
-908559
-742421
-180100
-444271
-48940
218649
439816
-661567
187594
183496
-659528
456585
-14724
-664070
34091
-996905
-819329
-634368
-448691
207746
-500502
-846558
270063
168936
-780618
-634712
-406075
-369050
377466
846332
894338
-310665
770740
231086
-497198
679772
-699345
-376757
304852
525281
891759
-764806
-880333
689323
-514627
-347579
-102160
538702
836414
-646117
536270
-102122
73597
959761
-509330
660313
-203057
-350254
729988
-568262
-214568
-136266
571888
-271893
30087
-428046
-981825
844425
897837
-283025
-102685
920167
917649
15524
376711
-658330
155284
-628018
706480
-367197
-313702
-316306
620938
387571
607377
828060
-289021
-342303
475983
886234
-551226
403863
-362788
800879
-18442
155209
363280
698252
-932139
123591
-889140
669612
210583
880810
-79367
179906
-714353
154583
-341777
938857
-148653
340362
1516
867375
-907206
-654202
214295
876892
187754
434825
-418913
-425616
-58308
304436
246710
-990309
-883385
-49707
-411325
776137
-827584
393626
-903689
500795
132258
88536
540064
-33584
447103
-127589
834695
-693585
977340
-392395
-345579
-527342
312433
-69905
220567
-840560
637411
-678625
270832
801915
639299
-918244
589976
-190077
56439
644518
-89014
858545
-202170
-899558
665356
848731
-329934
-264362
-670599
-782508
-968413
-9403
302885
972871
5645
40604
-145834
-29141
-427896
800945
49497
-247384
490962
-879022
-287411
-938003
-633140
-304127
-628375
145012
942010
-132632
-178930
-634209
324862
202799
-444739
185300
-970620
-172622
-648721
-841833
126652
445660
853310
148176
482473
727734
992221
299714
-166443
-217971
915445
385545
-516427
901195
48398
-127032
-647339
-259707
685021
518362
-900907
-967532
-956266
-154611
-269026
-283889
725467
-77647
-184246
-108891
-548891
800566
784791
492819
-861224
-269537
993935
-108882
-801211
-933759
789223
382903
-114493
245989
970385
615210
97820
-599870
-624891
444075
-959523
-958794
584226
811547
265566
555312
-927143
-6252
73185
177567
745010
545352
-862622
-226505
-89802
464385
-882479
781668
553680
-977987
-748467
-512803
-894103
7898
-350858
469241
489841
-523588
620995
341079
-379595
700285
244362
-283867
-631362
-136641
-622631
952292
-626077
-641406
-523087
849303
459715
878462
-338160
479551
-713088
-356392
-35375
-870984
-571977
-201434
-986142
13471
-405382
945364
-796815
932910
727289
-265985
237392
863894
-449043
-39667
-24313
442288
361700
869032
731907
673211
13638
812358
-110110
-58126
244839
960347
-87325
-418961
-163508
-329116
-905401
693864
3855
401445
-425477
365814
507793
-497801
958674
949498
502884
911675
914946
-174147
43785
-879543
-665791
958571
-641868
787954
582623
772300
-144178
577127
908921
-212495
322662
190250
-193795
-23018
-466130
456875
-594394
808934
26196
659686
-871014
324227
928666
-278922
593075
-492895
-36947
-51841
915995
323025
-838111
-163540
492489
-128387
606866
-700865
-527217
-442543
757717
101309
453312
332906
915869
286243
-727263
855847
781857
890937
-353708
361381
-770498
-670164
-698062
-29731
-687942
834937
-467468
557624
-949588
-389247
890509
-251862
-983567
-838132
-102558
877280
493705
488979
754207
-828622
740636
-471742
-328837
-500253
-83684
-676946
-126546
-183226
-727938
-812346
462866
-707625
-970847
413444
-873409
-351880
-980686
30759
877792
-89523
-47940
-818425
-536684
492336
165921
632568
-531979
477508
322046
-116838
-173526
355337
762063
454120
168142
-551547
585248
-425416
-236111
582053
222357
-296688
997110
-993304
79739
667951
-712751
-613730
471093
-377746
834031
437042
-204819
549859
844695
-64616
-249073
-312064
-519155
400295
787406
780843
-165050
343188
-255219
-195399
497366
879613
712100
32614
260591
718164
-34762
742683
-690773
447979
329228
-973827
462110
437387
-562725
398261
-566321
-440027
-604834
-988140
-816879
916437
510884
-534039
-450394
-674308
-907450
-310728
6739
100155
275625
-958466
-248777
-475986
116890
453807
717499
-202223
892784
516144
-590701
409992
766199
70495
-442101
-143205
721176
-11089
-784849
358762
849985
565432
123448
-939942
37517
590471
686627
340959
443568
907510
631679
-728103
186174
111168
-977339
-281614
-315828
-611855
-854471
478342
-78795
-193936
679473
856576
8824
-568872
565198
-213020
401367
897559
-563546
-854212
772496
771269
194521
290361
-486925
-621066
715318
-105664
958815
646498
908368
600391
535880
-120107
825156
-183298
106908
-790373
334208
-366344
660349
-733628
-339228
-544762
-971595
476764
405470
-616561
-349256
99937
698134
-939281
989079
702086
-864512
387425
-66506
502736
922802
493714
712925
857630
-678725
986295
-796457
-164080
-775612
-69437
79677
207215
259585
132831
-459892
897647
132426
586575
-623196
-855850
582309
-958015
648242
-498191
-303067
-377729
539267
297992
-380377
909153
-180191
-150800
529276
170070
65990
257659
70530
-742881
-961224
-185933
-943281
-669314
-348381
779395
709438
-388032
-418813
58949
246685
-869400
-388238
-823338
-665483
-610929
-690315
-637799
-917049
-319230
63762
471469
-631410
704619
-573062
334050
696941
-26978
-447224
709301
38358
-106426
-73482
731248
-553062
344535
-811512
673921
-301627
711846
-95016
122
650429
-686299
-408572
-916662
948113
809792
156012
641554
599848
-544083
-638261
762403
588938
-298674
151563
674630
-981137
823363
741427
-138355
-937585
974241
-236612
991153
-340499
237678
528796
-425226
-343911
243486
-114873
-18970
672622
916629
-393739
501024
631202
971999
-519458
722772
292568
-284383
905681
-891609
735580
262314
-729519
15340
-438623
-258694
-868294
52209
-386728
859150
-78975
332789
-762488
-796721
-49626
977825
-712503
-589636
-142766
-986433
-442378
616853
882982
681883
462185
-246416
-121327
-895946
972372
-704380
589796
675390
414665
195797
48923
-51645
-15936
764599
560468
225374
-851263
803351
477584
-172476
-251251
-62673
414395
463634
-118715
-647834
-340502
111593
307919
214214
-215519
462191
-101543
-118377
145694
-329971
913649
-971037
441567
277073
-539057
474266
934740
819339
8990
-714665
-877227
536046
-983180
-58881
-798123
-66810
-16636
-887717
53346
-159526
-422757
-307410
297101
831821
-135585
-161661
335546
-760140
-116820
-490713
830476
-771246
-746890
-826179
12220
-523283
737082
-210208
-689974
-854429
-121215
24746
389762
-904348
-564436
-774368
-3261
828448
-318110
-89053
371691
939661
-171870
457113
-311606
286209
656990
-800045
977919
296227
446286
777114
-669464
96604
644585
35753
-993840
-314779
534613
-763137
-793096
770094
773352
-888046
695775
308207
393207
-374909
-925337
-868520
-413311
293141
-472717
748700
443900
-627967
-748513
-381413
969307
-295073
998760
-689846
804586
531331
699505
852228
473843
243098
974732
-496117
58062
-514766
180633
-221964
-358482
698065
-414355
-881846
-607838
214894
148084
902113
392388
445932
-352342
201115
-26638
-483006
-778514
-493513
-701908
-315045
57282
421561
-569745
-542034
642368
228814
927854
-603748
-36006
804506
-532262
-953235
648749
-668762
627267
394100
-739316
616825
-609157
518409
-856951
-881062
105823
-537630
669694
-407147
918903
515703
87602
772056
12311
308989
907988
452034
415141
320850
509646
-360510
-88286
202477
-982690
748361
-664628
-575467
717227
-76587
-30366
217922
892647
548762
923680
966924
-277416
587129
-82178
-982462
-128570
338247
-194566
-765385
-270896
145799
-214799
409058
-450197
-567927
-482437
309056
-838209
-484872
-580651
-308651
73983
-874038
31131
380450
421864
-323009
332755
827175
522657
-852320
961445
917224
-431788
-629981
652093
778734
-607302
461956
345060
-817762
263617
-383966
-410466
-465677
-542937
-778156
924017
-852824
-944365
87429
909442
-169411
469377
-885954
518753
255769
-219904
367049
-550844
-145178
-225956
-972185
-531228
-910158
-988375
720988
-880167
-618415
951341
22529
84458
158909
-987222
613571
-557936
-97603
-265570
-303513
406494
-474735
274184
-513120
-556945
-988775
968739
453031
