-354775
702914
132363
-457591
-507407
-746281
140238
803645
-881171
-796513
-927317
-541060
736089
-565939
694318
963731
-130688
695575
-88958
798937
-194019
-992107
-131071
-761082
756232
776758
621110
613487
208869
-608550
773923
-746512
-477809
980989
-679753
337509
947592
22899
485036
-312951
615666
845132
778761
-344958
-516298
168420
3212
-928210
-997181
-774975
-606370
915252
-245450
309860
887781
321828
493791
-464611
211254
-472656
78058
-627861
-655847
-123358
160374
-478083
-867378
-349328
436731
-521328
-72644
-568829
-671970
-384029
89929
254656
-24227
-894707
-562714
784905
847369
-886381
-24970
640137
647283
-617872
564657
77952
355834
-813348
311149
615612
-462615
29072
-614516
-407039
691973
565569
37041
-689073
