687352
741045
491841
-304258
859714
-696042
184292
-420766
-752418
817453
-862283
-246111
394217
-308956
-805784
-137861
737195
941529
891518
-972129
-429855
833349
-983312
670904
679979
721491
766736
836833
-242869
802525
749319
-979074
44867
478114
-478106
170196
509055
947246
-914320
-336031
424122
-121518
612202
-981323
583559
491883
475453
-215845
-592289
-520367
497208
-759908
-705664
429128
477792
431547
127517
-107469
-926156
-65923
484119
-130581
-955055
-344293
29649
14613
40777
-544006
-373556
-881516
-204429
-821616
-684132
-548156
953955
521484
508343
599203
939142
-610698
730910
-25223
-774403
-640928
544633
-392571
814823
-414140
739319
619911
-100991
240011
-233236
-515487
-578344
829260
788793
-139704
-369430
-998464
392839
449373
-812072
-269449
-671617
495415
-467956
758576
239557
-187935
42501
-263350
254117
-879791
594919
-836858
-958916
-724785
130819
-534671
-347030
-689817
807294
683751
35808
-549261
-728185
-378306
-969532
-701393
252100
496689
-868638
-624783
140948
128619
867692
-430711
130669
-693798
-854393
-117203
793728
-470063
843765
974317
-36079
251964
-161624
-818252
-827694
363708
-94731
-211188
492396
-509235
584792
-120405
169839
-971360
369646
-437093
736987
177105
-771267
691930
-822699
439654
-284534
155363
-131194
845751
858142
-686480
-525435
480989
529034
487816
621944
905200
221810
941044
-768438
-670188
-697262
727842
923857
-728034
-801578
504884
907631
905903
-603544
662647
771127
858202
-621699
-453569
522196
-299847
219270
767118
497432
-194544
-356507
974555
-264729
-41899
-793532
545481
101916
290817
51370
65647
-446175
415290
708159
67081
864075
-915235
-275328
346241
847218
-784520
-714311
903795
-566722
-299026
-993293
128876
-904205
-999130
-473299
-631140
852345
-457590
860172
758737
432265
-817005
226565
-294579
-842230
793717
800816
-630820
833412
609524
-428054
-398051
248040
-542123
1937
581577
246808
-980647
-218455
584827
404337
174341
-896992
-277980
518928
-9425
-780306
782508
743561
613057
44101
707546
-281644
866938
-566035
91101
560386
-977290
-284937
-10948
686947
916028
561066
832604
717327
245952
479872
-308456
-962612
-345880
-731668
646449
-306817
-537769
-530233
-506408
-257417
-774073
-210504
127636
-208282
461750
306929
-509391
-226543
476107
-134677
247568
674707
250569
159943
-352426
-378345
-149015
-737192
699328
-768425
665578
-842826
-871173
225238
-582699
-865129
-874605
693757
-271673
315868
869277
-594730
-880767
-82924
815070
-213395
21239
-689511
-491496
688617
594927
584352
-836031
367590
646458
-193914
-738839
206333
-971864
-264257
85007
-491308
-909028
699634
238137
-307681
691040
397944
238835
318429
314072
-512308
127861
-307051
716471
987976
224616
940010
-986145
-98580
-562767
55950
176065
-581247
753273
-419159
-551477
-750995
-977836
-342826
837526
-10644
-75739
407141
-926684
131642
388042
-798996
604758
-183316
-289153
-496075
155503
-251932
700370
-647722
-447149
174498
200736
-241853
-79321
-83455
124866
948903
-313645
-405434
302706
-180873
-787469
731015
-60674
-612285
930014
-219673
548510
150868
196908
-752687
453248
440871
-523783
-305519
80177
-402992
873190
-983055
583941
-666938
-31020
-332387
572763
245045
-677896
998494
-535304
-453473
-861439
-93859
-112924
264758
-530591
-623855
-137947
-912390
-573904
41083
616683
-952310
683735
119339
-13268
747111
667090
504404
-983600
-480551
-346977
856527
-318884
-848297
-684053
-218241
-172705
111810
246555
-693560
-999321
-648326
-831080
946885
760628
-211974
344724
-647828
779726
-21067
-508824
153794
-734638
126203
-548138
431374
-142569
-617007
-129224
-268224
950074
484103
688643
-132565
278644
-651317
389151
209036
771607
99135
449741
-268716
-955607
-570301
612902
271077
957831
-834906
979558
-502079
184915
-960258
-952423
416972
-257931
944998
-78471
497365
-186363
-199509
350953
145022
880180
80678
-327007
-527717
-369480
-335317
662463
-74979
-89401
827639
-15816
-774731
103168
692014
60153
-229536
-895592
792300
329561
-824156
111723
-638906
-135217
-139576
885610
-220939
-524829
566185
250900
604204
-735967
-790688
-893149
-675777
-572309
-406436
-918015
232695
-801269
547062
-287
614338
-179528
-181096
974163
-575499
878254
-354975
-294275
252891
-506748
440968
-470364
156222
262688
289687
-169807
323993
-635361
424776
348163
410166
763172
441521
-979891
90705
165480
-507108
126434
-448473
617599
-767051
53762
921303
-936338
-394518
865376
685371
370342
467253
-896021
187318
912735
-23323
970763
932034
933042
836210
111930
-669054
429284
842565
419275
962649
-690417
-368182
706180
113878
-806812
-629355
71612
796407
624899
286442
-257508
-86902
-621317
733272
715740
-933709
-522265
-980562
611006
-242954
-424128
-493889
-40423
369816
-351715
950885
899588
969133
562007
831389
414003
-848785
973662
-549807
-790593
542835
233028
938370
429468
-47050
930401
720797
446208
946961
-487161
-808969
-337545
-25804
326647
-595147
328786
69938
-851457
158827
-785390
155997
624407
670661
885418
-449349
797093
-135846
86026
301953
-455703
121347
-450146
882700
-166175
-779261
-818027
832190
-301249
838934
989373
-593593
994492
486340
191019
84278
922511
487151
477056
-425588
-989027
-925410
149088
640816
-229698
438828
611934
-560238
-14617
671741
708942
-868653
71416
-289992
348708
810012
-436837
-554428
-777730
-221936
-422292
540454
-530481
-499998
344307
-303637
242125
934641
-412535
-811557
891443
-117847
947553
615881
-190289
988650
368376
550586
608808
435016
-861208
-833738
843210
392091
-830745
118686
-852461
743730
344794
938241
288195
-513019
-958884
-641053
-650199
966436
672820
99975
-203332
-536243
973167
-612286
111654
-696869
-432719
-324266
-497109
-838514
422893
-879437
738044
327240
-698327
-236028
-394133
769519
179040
-995681
-942110
752011
156376
21794
556908
852633
-664948
-409237
-76326
187367
767519
320627
479225
-57313
100342
362573
912857
-897612
-947041
37644
-285656
-537910
462246
-172670
-185387
-305429
-458644
-665858
951345
-868785
750633
901168
377448
470718
-497979
-515677
346692
928351
490505
-547667
-594264
-630931
-449754
953982
-864790
695908
-559987
284166
-330311
-489628
-292954
-340454
901448
635400
990397
-134957
56763
-83254
290509
434405
711857
-964374
927002
975627
-957096
-954034
74702
-730958
136329
-747310
-195895
838573
-898027
-919975
764799
-266483
77329
533606
-585312
-372687
-54412
-550128
941592
498018
125060
-247693
-473589
164345
-254189
-425517
-852845
-330071
-474072
10128
341418
69689
769814
-919992
-414194
-981489
-947103
-306714
-753790
79186
728232
669466
-382384
266919
-461611
-432484
-948741
16281
988580
-821345
691096
-352580
162092
37808
514079
662646
573897
517742
-28780
-157347
844512
733207
-110248
261300
-106047
346590
296072
890250
60339
-874943
-398646
114742
-859317
-820648
-648159
214115
-364963
-935634
741129
543058
-285584
-182075
-746376
-117352
-12149
-144142
-873410
62330
-847051
-299592
347825
-600152
519605
511612
-250248
-153048
567046
167926
-387909
47895
-697901
-143993
-877381
-540725
737832
-523766
611434
-721630
-599081
347821
-934734
22947
-422152
56015
462717
-558797
-826486
890006
-350268
-598096
885225
41650
-770142
921890
-180317
-118076
-148359
276025
-476568
-717154
790520
-273569
-525662
573287
945297
544316
-559922
859106
542685
361836
-822362
-794477
354356
-896204
571144
-327378
7393
424777
876861
-459711
484626
104031
989544
-200556
897449
22788
857783
-741365
-129792
116874
175660
792793
-34349
-882087
760176
-61093
928011
638338
984897
-442918
518388
-9283
615892
265046
-157634
115999
26172
200373
434147
-69277
882640
519154
-226417
109642
-977258
906362
617425
428692
476744
-818710
-591890
547352
161038
-502762
997173
623243
235536
381730
-359866
426642
656183
-450616
795512
-396548
910604
911776
-231483
-77065
-604266
418073
199234
-904214
358240
540190
-473658
234273
-582702
-780583
-678564
-544815
-194709
717400
-982489
731030
6934
372220
316255
607585
-153563
248211
-889386
-91955
-462423
-199223
-469869
807488
-409834
-605039
614324
-255507
214042
5086
-531334
85800
393478
444594
447687
197184
-505845
76389
-48715
-451559
-84444
-482308
97832
-756174
788035
216076
-48023
-127723
460358
-545644
363510
-540775
-151497
-78226
420165
-867747
725873
-671247
-267592
757990
-455821
-290087
-906759
-661385
71504
652512
-676610
-171987
-441604
-134551
-423163
708834
-321547
677583
838959
-939971
-280796
-649963
310040
796294
145758
-701589
148543
944672
340794
-199679
263948
337383
-173112
453215
224927
295016
503717
-938284
-298811
-755769
908417
-279320
-555658
976839
-31430
173781
123860
253568
90453
-800909
-734575
618457
-735581
671254
-990947
-850323
-9549
-233313
-248467
846305
-698961
-655159
222453
29029
-909951
-154213
212964
-361838
398944
-970145
710749
-400140
163177
293096
480202
-474689
697167
-692205
912477
-610048
-57567
-1528
-580915
-168219
-834376
-682885
854288
-70909
-138347
-858227
158005
860188
-93563
-133396
-292510
-40313
-513074
400719
856953
-152786
947295
142025
-650729
13582
-160686
-748517
130928
724247
-941347
615385
-807185
-275971
972641
149899
-711140
415371
-300120
338105
-561288
581717
-972834
992224
-317552
-567732
-877360
-321703
872810
-838232
-254570
-12374
882151
179598
87113
164021
-315346
-789887
-73249
694771
-220199
359459
722533
995997
493151
588952
-88551
-215742
-87481
187458
-80305
77941
361580
-906088
2097
253935
-532741
310560
-917688
-421569
-98830
-710311
-86043
-884972
-846727
858642
714883
331350
-535359
118422
-799452
-562026
-872360
-928982
169324
743146
-365030
-99718
-706371
658502
-197081
-547248
-196571
-337148
192979
-457845
234225
632421
-888940
8209
312403
-449123
-609295
541869
-494902
500632
-908026
-220361
-228472
591491
576974
-72796
-948052
71548
542311
965431
-662022
-983365
746604
-408321
-22185
953452
-975882
-327175
52025
-74201
71035
-150586
-683642
-401417
921153
-480093
-69578
142159
-216214
-351811
390403
-41301
-499484
-63818
336031
-956025
429904
-673566
-11360
-903635
789482
416111
-893299
59252
-517596
-445034
-445725
-705366
775030
127474
-325613
826744
965633
-849538
600120
990386
32858
123114
-445556
424327
-945693
-636393
-261357
173326
694379
418462
-179452
113089
317059
342825
-350126
-7867
-398949
-323447
301876
403519
695299
25660
-134263
958681
691276
655736
60996
583590
818842
-601531
-648132
-672178
852210
-671686
443200
944317
466622
258801
556888
-122202
-466969
-615773
188359
-370962
193051
-950329
762405
595918
399726
-676914
-432302
391740
866589
692878
879573
827788
-224270
-46827
-576405
66172
-367833
-894186
799270
-948125
-151254
936123
-283298
408285
427471
869392
762438
-578301
-448752
942593
-723100
187638
-733957
-228045
552006
752915
772278
-724892
71221
-447987
923397
-453902
-860307
-196131
-498272
-393949
768044
-753984
858435
505325
-436392
716464
562227
124758
-71451
-51339
-954673
28885
714685
353509
614532
-923362
-328364
83752
-10560
-633412
-93960
-196700
935706
-107342
551700
-758346
-205723
-106270
89706
-305224
121433
-561294
-163693
327774
708414
78728
947450
-35311
-22662
979676
858797
244308
-741743
95757
-99361
-483397
83224
-7513
-104975
939966
-429640
-434772
-308346
-759686
-857136
977079
579442
708947
-596984
