-353700
932247
-886805
-426319
816131
377474
393226
285552
14258
397069
-367602
193202
-905289
-793137
484305
702699
-678166
-639395
-704916
-653796
-9990
387326
-701432
-40802
582812
-644681
-463371
726518
978680
-50746
-914603
571744
26575
-604211
963956
-254908
933212
314026
-305973
-777790
-645671
-671402
-369821
-33469
-494346
683018
-459857
-789764
999516
590447
522736
-300092
123998
78275
-535827
-448328
-767242
-310491
-727524
423004
648868
-703796
-842085
733310
-681343
-187144
669481
-49399
444055
-933757
-119316
332797
-19266
-402282
-629198
-73868
879143
709608
34220
150895
-572566
-698725
-174727
660922
-997333
-434758
233867
672427
-756568
-376925
59072
-881251
-882904
-22695
26395
-675694
-882435
-745784
-341943
-760482
-619594
761422
480823
191999
-521919
265863
299881
998266
-698101
395380
904092
-231050
770183
663752
-490547
-615179
772768
831066
26038
983998
-663993
-424455
-24799
404016
225274
154057
-265509
717758
-238506
190517
-11416
840438
-671035
273809
718660
-592775
-454662
309953
-35027
-800979
825886
-539898
-252569
118393
727051
-873970
-584695
688787
198266
-875742
57797
88962
524777
-761688
-300239
967046
465443
973550
982045
-647245
550040
137026
933279
-552323
-605488
134949
-409256
-16216
112474
423632
-787579
460298
-150702
-991663
597521
-174714
939450
594388
665182
-365271
-585351
758625
198816
2066
-186218
-121365
706857
-778978
685572
68306
-827991
420166
-734801
137766
639446
983112
-25821
515459
671879
-127030
-104311
-326056
-118380
-179826
-111995
-8031
-116188
209011
-592170
422903
-725674
-959604
98811
-460922
-199074
-191858
554349
-578649
-230342
608807
-326458
-232919
-765739
-63789
-136525
892649
-291729
393286
-574787
745432
751017
235950
33809
-15646
-609962
473323
640295
-59167
749663
987684
315407
-366727
-335714
765033
301918
-420827
631710
-216700
275670
798106
-519975
-599474
-578775
-376702
-563266
-814236
704196
-758921
-992778
-589672
-870510
171359
751537
-833119
783889
849151
-818795
-639952
855838
972316
381917
609471
-864881
-639091
318399
296088
-611144
-871230
-90166
-91009
188970
796352
-306517
247667
888628
225140
117911
-81821
551451
438071
-557715
778896
408042
500606
264495
-116583
473130
746120
-315143
-881838
-372168
-902579
548335
351163
-248054
122647
-809326
406628
379816
-103456
-394606
139568
-376691
540147
-866850
-408631
773826
-75075
36393
442213
-945119
-726872
-870711
-567496
77508
591312
986199
629161
-88343
311954
-579995
47830
510778
417962
-619368
-734232
-800560
-560797
846111
34853
266947
489917
655160
582641
241579
543173
-163803
338560
-397185
-698749
194263
869702
405374
-712680
819698
-735268
261934
-148789
-265554
-326058
-838519
323833
-736579
27020
145730
959289
995138
336965
522484
-445258
-368139
-158513
-631116
96143
340014
-401299
160126
-400205
-52427
545616
-673970
766035
489011
757548
-944800
843326
-97346
-278915
890288
-826862
-796415
468844
-762426
163532
-588848
-314888
-410494
469500
121704
-629471
-886655
367252
-118042
-723381
176830
993463
-754723
-982535
953859
592654
861894
-367947
805688
-514191
-961821
94667
592465
599167
-897099
-564482
648771
-31791
807406
362273
23718
-982782
-825628
285017
104573
-86213
50552
695767
857533
573256
967208
-683564
558791
-555998
695266
140919
-733871
525711
-264468
427389
146780
-705039
46309
892418
908853
-684176
-711575
897510
753410
-872698
-994945
-410350
-244028
203895
-201343
619310
-740565
159479
745268
-700302
-137695
-295622
727750
347405
-795348
88950
-812193
113598
-515120
338606
-228549
839422
486925
162803
960720
-792997
703787
-747387
959463
964665
790980
616110
588338
-956724
-49824
581609
-946251
-361423
348360
110133
138337
767116
-422904
185908
795881
755692
252150
-215181
442175
-277909
-529797
-631837
-283463
631754
-33130
368475
245387
-828830
927710
-200149
279666
614701
-227095
-955384
-596908
670578
61246
306359
-13286
670702
399532
104883
454713
-469142
-92424
-179482
93105
-500799
-213124
454244
-982460
195838
242063
-34572
-546845
-814661
-34251
-262109
-389096
743671
622281
69647
-537297
820020
156508
-38568
77474
-77347
-511305
789579
715027
-674016
-259819
806574
-809152
-277563
-710871
966739
395776
-289637
133045
-980298
674950
370136
74426
7312
-623132
831635
859491
610167
212388
-479107
-112295
135446
-314345
88211
-681124
68459
-279076
957569
-203994
-117022
-370780
359771
-52760
924538
475396
901033
-174337
-436027
395489
516258
948295
171543
885786
-774148
163078
363256
602873
254115
807210
551910
-331589
2450
-114933
749652
-400208
413777
131209
747755
-668266
907956
-56115
-312262
250610
975734
-336837
-629428
-968387
-1564
-595794
133340
-511619
-923856
-867297
-612995
819124
852887
-727779
-514124
-57453
187978
294190
724354
-785958
866930
-296174
63937
-536099
-324185
-999561
-386347
-970677
-627446
-351738
451413
-570081
794400
-786945
-818588
-521324
441323
768122
-50394
827627
-371307
-70895
-464361
264074
-477425
789030
194039
-447473
505186
61898
702743
-328170
216571
-455989
275067
-176111
259581
558051
660539
-509913
-553859
-918269
-938333
947436
231023
587169
146546
-900424
-451191
-276333
965177
554373
194884
-336337
-905742
411893
-860384
-336927
-948889
-302323
-947494
-818843
870508
-711012
619380
443279
494676
911329
690853
-206942
752704
-321011
-426037
961100
-624684
-228969
819067
-568056
-512083
584250
480967
806975
-286506
3098
-460059
305690
-972805
325
-989413
-592678
139076
200880
-207224
279866
812672
-780096
-334543
-371267
-516524
232273
-87045
739684
132249
-540850
224964
633732
-376948
352738
-337975
-813723
-870164
-745138
746805
390246
667493
-115889
-614541
-495691
386261
595007
62128
-520407
53687
-683757
598496
-270545
451161
-345428
950995
-389777
148217
899947
-521488
486442
-873621
-197841
520143
756667
-8436
542781
209549
870199
274158
892958
528756
712633
-484086
-171044
-419300
460983
-443666
-919010
587355
-801796
243532
-963930
-652716
462485
12303
-536494
922969
527558
497542
95015
-503708
374740
60592
178859
21144
126991
23224
781012
-962347
117799
82386
295619
-917067
-796728
461804
294031
-959466
381515
-178040
668009
103782
653273
-433628
-187724
-502749
731084
-735123
-207401
511608
48103
493852
-63928
-504228
360396
-234646
-607273
193381
790341
313928
86658
-396246
426492
360195
-467527
-326968
441672
255088
448612
-379917
-613381
431449
-385869
295205
-216845
-640933
-758459
-307938
885348
173619
-855198
64712
146057
755646
-738566
-113446
-153891
-231659
-707135
-578949
-469634
722619
32564
-8570
432800
-534757
-73815
-776333
-722595
222935
-592940
913632
949943
-323041
287610
-215251
-223955
700131
-371126
-87801
856875
-652083
-81771
123705
578105
69118
967128
-269164
353771
978618
385033
172263
-971186
-636966
-644070
125288
529998
-108134
620815
-674283
-187060
-990653
-686284
167486
14254
120910
-81086
-438196
615552
-984414
-677858
707977
95834
-293646
-690961
-985513
504259
-964122
574244
-454498
757602
-951590
718174
-655450
-272921
664262
930081
526721
-160806
436732
-535122
-860028
-986848
811747
-562522
898327
147540
-397326
-359099
-801755
51024
651459
602925
681372
-419337
732011
-260533
-642257
-114784
936978
-561529
-193215
8986
939418
682307
-407207
-747062
177910
-29966
205539
-267656
-784318
-63642
22106
-165378
346791
-367762
690081
-298484
334803
727518
539478
995593
-147408
854979
40
-664487
441224
-477953
-911964
82471
-58922
-215147
269146
-210932
-857477
-331176
633915
407641
846977
-528353
918633
11811
-337199
-470197
-131439
-996303
-940772
916435
376739
-453410
629449
-272910
836851
134994
-804593
-121473
19474
-564515
956576
-447686
-904236
-473257
259757
557674
-281047
-685940
-28303
-145969
419259
649906
255162
-104400
303736
-305709
-327640
480252
505988
471526
25044
605845
-568240
-805402
-43540
-404073
114988
-869642
256650
-950276
-553437
633554
908124
13293
132398
388268
883946
-696344
419785
-473924
116341
719755
897614
440518
-722990
-100171
-499075
-82197
989500
-301713
-19768
-148706
479703
-325008
278456
517778
198067
-715233
814087
-269589
-530218
-690954
-270575
401308
948394
24929
402069
159462
-533875
-927871
33736
-602801
324811
279122
615832
296055
-659847
940235
-378618
607977
158574
-223829
-608767
522314
-996633
125631
-455947
-703034
511770
-358322
549529
551452
685715
-591841
-148126
-869137
730497
-949289
822592
67031
-288677
-472573
-992433
410865
239452
285727
-345623
286599
525031
388691
-128279
704318
451070
-471651
393008
-940397
576425
-646731
-312114
-749273
760442
-931766
853848
-735199
-456258
375423
6570
943637
391868
-772406
-318833
275634
-445631
423043
-179326
-874977
947555
474674
938009
663715
-361544
995235
117110
-789676
-699713
126476
-97504
421507
-789958
982864
-557564
12298
285402
813361
-438643
-806318
332726
770153
-884191
-25323
983075
-849847
-131981
422048
260422
710909
-345633
-935620
388146
975625
-132167
-878496
787118
325001
-370621
-573251
156304
-844145
899157
793017
-267410
-811181
-491507
695064
976451
-437651
-242286
-190977
240559
275353
738913
809685
-824062
-360757
882724
-765543
-246350
902767
-817467
-946406
834562
-443126
-79414
-631136
810510
-235921
171064
-539444
755293
133326
-402455
-664977
-280371
338981
625030
-647680
-913164
232004
810499
802968
446631
74918
557617
-529488
-607435
-641344
-308255
938327
-614757
-421073
647437
896251
-749929
-714935
-680293
-861787
-987976
-633871
548140
-64172
429441
958361
-107046
963881
249683
614499
675001
367022
236014
-311206
-684681
723462
-984270
627246
-201453
6671
426538
614220
707194
407905
691410
954696
797118
968500
-890392
-876621
-172842
-563908
-989951
269754
-475901
828694
577235
863935
369089
-801668
-674689
-241837
248330
-566748
-334352
126933
-960683
-78541
489242
-981036
-626383
498143
-223376
875637
489058
606147
79546
167599
446345
-459718
-172943
-190265
-487722
-980323
-710000
239864
8708
648917
887301
668594
-579952
959501
-362589
-996239
948966
285541
-423750
812165
-979394
-932516
-262305
602542
47812
221203
852725
13746
-78625
213232
-142050
-325985
62808
-248393
-492769
-488389
-432302
-861574
356375
-34779
-804668
100149
153346
-990956
-318804
-393380
-175582
299965
672665
341906
-433495
-32219
815549
-301201
921058
-228309
-700649
-323539
73693
-751405
130276
-994075
924674
777362
313503
-613607
156790
-146129
971778
-883026
-240851
-215678
-599926
-108252
-495670
739346
-308787
-79345
-846497
258131
-581795
555219
73632
-986540
-170618
202135
-40169
957846
-360891
679643
-187496
207299
249801
-60932
-795914
134917
-165191
373401
348562
-151747
42442
527298
249283
-902793
635720
830632
-236283
212189
871589
724822
8389
-654798
-671218
-705897
-144850
565993
-406020
564162
-47647
866811
640152
531658
326676
-185109
-897026
-132396
815812
-58262
-5608
-382999
187341
-279210
-962188
-560134
-247216
-996218
-827416
-210898
-455278
482490
-740194
216924
-587776
-487446
-94593
-194036
32426
821516
607547
-623658
-750660
-68639
841353
-192058
-413196
-254581
561531
99936
-965778
-340334
46886
892970
730231
-248092
766211
-462491
695840
192825
-955113
196745
-823956
333867
163137
-435534
-169246
-18682
-999544
-568822
536313
676436
-329647
-330143
-969950
557148
287188
338621
-745764
-850013
80075
442569
-388968
-603741
-35473
958669
-250481
-995600
-44204
-164950
-919587
454605
393940
-645163
-952216
825854
639664
-396919
21654
727332
-552705
298870
-711147
-916190
239899
-945968
-20748
-455525
-843805
342142
-324234
-661730
-522046
753417
-564433
-619771
-612840
-76480
-798769
-594075
987433
998321
-558735
-656772
141508
-158105
581268
651938
57979
-189915
-317491
-368806
997001
435454
307309
451028
32425
361247
-769218
-75850
864411
562341
-514934
-501657
110190
-929029
827948
988325
651526
753556
-801321
-479048
-823414
-862063
19917
568559
-313913
-172496
-621674
507658
-728464
255054
328239
-587188
-375752
-297639
-92654
276265
-385021
-511609
850502
756927
-492162
770258
856371
668000
982664
174046
643236
-427961
31065
-712921
857544
-265732
-675775
372459
-225769
69685
392102
476514
-149451
455982
-170501
-920769
752152
-882853
-563637
-892420
656053
-399062
-383443
-900928
-721976
172264
-194430
512413
852390
737240
-751486
-567165
-180045
-829314
798283
218109
-139136
841177
-19231
961499
512507
174249
-527959
-866854
-396857
366583
599499
-159484
687878
315550
559340
-433316
780136
-948074
592530
18849
593680
128900
-47404
-240287
-513192
-713448
-103449
-190654
2653
463968
-341618
-562542
-835883
-551593
-766488
-35673
-195672
-842172
122850
-329283
-749453
975959
-143303
889791
94816
-315950
-942633
-521604
-463543
-459238
687128
478279
875087
-530019
-453012
945965
471214
-987982
-782572
141890
75088
-583231
-436781
625550
-575151
754395
-955033
792010
-410411
-159434
209449
-653017
-661004
625818
-540908
-894682
821625
903633
739762
84707
-769307
311275
-768932
-87385
-539508
143979
887667
505551
-790231
993120
-787802
852923
-495561
690128
438052
-163491
791286
-6095
141970
776184
-550315
-591649
28119
-766279
-840267
-212350
59682
876016
31711
252173
-885305
-701809
-208730
-192264
-819116
495259
747392
342609
-824332
868811
112017
699782
227915
428542
-171680
-165632
525723
116917
-980525
-309368
190935
201335
813289
646287
-518522
-331532
73393
-942952
49166
-895210
505849
-587726
649359
-780997
850561
-284646
-94117
-937385
-630416
226469
-716952
258194
161156
-544351
-932757
370282
-886848
286030
277537
371430
706145
-123341
993213
-309225
-227936
-536377
-910349
-965316
-619045
411429
470865
-25145
-777093
-75093
699794
-272115
-240151
498764
-181338
-452461
521411
27121
-36862
954756
-522100
278143
-147010
64564
115965
-427170
168598
-411711
626847
576543
458582
198372
14495
191967
633321
340502
352644
-506725
-261406
-537734
-311504
264076
537018
325172
842901
-938613
365064
978010
742597
890440
126406
285964
316805
726797
76931
-306450
229668
-265671
-406746
-453393
97095
-682179
-434401
-540881
823555
-587226
-387964
-489694
-783296
-971930
895657
789733
-808347
-208122
938309
100933
44853
251574
549963
-90418
228873
273687
-59276
148823
-667606
-759815
-974027
-101375
-94752
481985
987905
-320463
42294
568133
-376542
-360826
-990129
495666
-564560
-852255
-362790
-803106
-318212
364941
771812
-543627
184839
955083
289999
671861
786288
-853053
-522489
492344
35818
-588540
-28283
140630
483808
-15676
514735
-151473
-542559
-520189
-845847
733691
-114038
14675
552976
189948
946762
423662
312617
560900
-243250
-237215
-5077
12159
915651
86700
-549041
442869
-89365
849331
-830408
316721
858172
-708989
8896
-813139
-521387
-971725
408994
-363853
603832
918017
-690101
338904
506923
-95214
314822
173862
268340
-35364
-532678
779518
665116
18764
-189717
456449
-531000
219330
279072
-186816
-974391
214557
837988
-420347
-163785
485895
-322113
-578826
-155710
-341827
-771641
-585918
-564895
-480449
-832345
908230
191392
-815636
278867
339473
746322
357631
-953698
-366673
286204
323602
-879810
402390
232735
-651377
454164
731062
502467
750792
-627985
-674342
929942
94423
-124862
-648782
973551
-575093
277766
-88413
-826546
93172
-318293
-437281
-710767
903023
870114
-107425
236952
410274
-325311
-190925
488349
402273
359573
127998
-787105
-516570
700956
-655720
221215
-33527
82468
729949
-55819
318505
-440064
385162
604968
391309
132584
448050
229557
508279
-286478
-177064
-611337
-284248
-726734
456079
588862
527988
67876
-72984
-989997
565613
-461505
-991504
780354
-847475
16446
454325
-922933
-758734
-251545
264161
-825898
561659
762374
585106
848147
-151302
734112
-472299
542311
574232
-883105
-693729
590452
-993910
-314290
-688760
-830884
-80763
438369
407606
-3829
-507473
-84546
-422741
-840043
-888365
-317701
208819
-122950
-254379
640715
598044
-731781
-916834
-562401
-814801
874087
-207559
-403357
984492
164918
747041
-248188
670126
579980
221678
544696
-4670
48030
348889
-823732
606095
377353
-877550
-530525
-326114
-156556
397644
171635
262566
913948
-513279
-473506
-510376
954393
138088
-476459
-605380
896074
214614
-849359
944685
631002
-538439
-518414
-595516
221863
-40120
131365
308640
285449
-146111
-311970
-815796
-432072
-865785
-832077
621804
-769892
-742463
625879
-607283
-704370
-719921
825010
134110
758770
-770662
-104118
-729351
-105752
-902436
993124
962291
629433
-662821
-953704
-343862
399486
-354543
-76093
-719617
735240
-289394
-171278
607312
-452350
-538113
879909
-493227
-870317
16022
-751600
-426664
-595582
-80901
-525802
517135
658485
-780028
-67943
-300004
-728495
-522975
105026
329933
889113
-877353
223693
-446565
-479304
958262
232619
-727097
630275
261921
-938712
-635190
403268
96301
-632754
-128409
-200569
-620387
460571
-677510
362488
-337148
417472
315444
-624939
-426923
550472
479553
-295113
-464982
-825208
-216505
460939
-247124
945452
810773
448341
492083
-895395
205356
35214
939053
593941
243170
-283121
273447
715169
18672
173675
-751260
-201069
290777
-174748
54049
7301
-119880
-86601
857610
-474218
158592
-176219
770740
-841303
-851470
-690949
166929
-83709
408619
-942932
426031
685739
-573544
220914
526782
-978165
865441
-285772
-150993
-458683
-438586
-454277
-366704
-578236
-578741
573455
386724
597618
73254
-496919
515525
734913
-845335
156774
396175
324307
549511
387716
836167
-154915
92464
411490
-125722
674139
-453044
199518
111650
292396
-797109
117572
276223
-280204
135642
-270791
-365272
-449157
-210031
-193250
733644
-871359
339667
-970093
-365139
-762841
-775377
251251
-899188
537283
199342
-477181
-134160
27035
-850914
405974
-528858
209034
-409179
766362
606642
-445566
632097
-478043
-68539
-451151
773822
98778
-919095
103059
586980
-383366
710962
508403
-114644
59097
-477316
643622
-593645
-728110
-60047
-932086
674330
-408420
315352
143968
-192353
-572600
-186279
623354
-84032
661012
50670
982987
-310780
-485606
-924133
-738979
-784370
453076
851902
-605270
-364114
917664
-172914
-284433
-70358
525173
-937382
79570
78768
660121
10540
-475555
-919653
355862
40637
193354
507310
-828064
447308
230085
-353483
-459570
-798538
-941300
364953
-707408
535302
66128
975099
137239
930053
110295
326919
994233
110884
383947
90629
-884412
281498
443814
-671315
-902742
-570959
806986
420612
-986159
137978
-758866
982617
-740794
-999265
-448440
547107
803500
-972304
814304
552242
-358899
565982
-11257
783016
-524187
-286670
-313844
589549
949774
287519
-313059
-759407
-267203
-592446
-197941
-838858
-221702
634555
-194709
641732
-590260
773714
-417944
-974996
673559
197136
425612
-692673
313319
-343070
-507610
-859402
-178268
-468016
742036
-263480
-682494
329375
-528065
-567507
-432227
579463
-457543
-581608
-365980
936533
-836416
-255102
572880
-854754
46799
-224236
517797
839076
-686369
513531
163105
-124806
-774060
-745906
959661
-277470
690117
-296620
15601
288383
932664
-753649
-290894
-9985
808271
55920
-231226
-366643
587762
-549385
-764566
221899
472605
-596178
769642
111577
-993174
911879
-500706
-715847
797411
-935443
549888
-415941
-977477
-391872
587415
-953451
-500973
-742913
224216
294520
-584175
-599690
998184
917057
897198
-564463
-178881
45934
-217637
755236
938147
-708634
864389
520163
-239750
-207358
677667
228543
-610982
904008
455869
-213656
329939
-49016
563062
-289636
59239
-420265
603592
-171104
78576
-416467
565875
525379
-662674
367873
620026
568774
315243
-971326
842953
167290
697820
56588
879490
301509
613153
-359548
-468690
-319158
-310019
115573
-972594
-779780
375806
772579
-319788
381049
-938491
439671
740226
-715872
460902
659003
-615186
513553
-514975
-786874
-761890
-719295
-403651
-630396
-677333
633042
-99982
-423726
-165474
-680871
318785
-300995
-679802
348169
-799117
81646
-207429
-6358
-553076
-370897
413481
210704
161784
-64448
72315
278043
607864
-192769
125269
-304488
-225209
-122329
-582383
190455
519898
-762175
-502682
592873
-72861
-104144
-16937
592044
127446
1471
-783669
725071
-591047
-98047
334909
943876
-8373
817254
-530895
-86195
-51730
-970747
256657
78954
-91670
-611020
-741164
734420
395053
444218
-444808
-486198
-901643
-473604
-27053
-593420
-236993
-266220
-735780
60247
-49988
280176
913504
399622
10629
-63862
-599173
-812290
-97662
282125
353529
698261
51112
949316
561530
97389
739846
465139
36862
-657259
-622114
-737495
-110492
269050
996130
776679
744388
-825988
-51154
-435297
-472857
-810315
-899551
374271
-846729
-940221
558287
-282086
-59104
-654011
-297627
-501608
184177
667662
-147863
441375
-838052
42984
-14660
170795
-406422
625992
65862
-642445
-765105
-861033
-905458
263846
-430313
711377
-122519
-399316
815241
951201
908334
608984
-824288
-790499
953117
-322929
-941058
-701805
-2249
-49984
-791207
877439
549531
318015
-172925
289044
-383927
-14240
669151
63196
511320
775178
-487553
499572
-174224
-771034
-381717
151115
839881
82332
292215
433537
191307
649846
686968
546554
206798
-746738
460540
-358099
-222677
808705
-416619
-416958
-291644
-97773
-252739
-475007
905905
-788108
-764612
-329432
-295700
-688099
-106608
780432
112961
-305069
763974
710454
440786
-496271
417666
-771206
-162757
-61179
884470
982659
702970
542920
-469752
-818370
222532
-264218
-878604
821034
-152260
29493
867036
-137991
729956
180550
27209
156491
840108
-973030
-37634
-296317
33774
198282
756849
989032
468905
-585771
1685
-299699
379941
23012
961339
724689
-175052
483993
-975305
-587213
492977
-46842
-334638
563514
-620227
960946
732048
418139
318450
527964
-618600
348037
-994049
-712233
-240610
831885
-402864
240679
-984048
-229693
131317
-881329
85435
100559
965084
943199
-29500
-609395
600008
19694
28269
-790977
624018
686048
-915064
-38953
884871
-529921
-164078
-676510
-395605
611909
-778034
104800
75362
-324900
579740
-883866
713134
-622923
533199
328676
-615950
-536132
-488844
387934
-379593
-95996
856064
-842487
-422338
-403783
711929
-609477
-337209
-875351
5201
554215
220460
-678086
799912
763815
116510
-346969
932528
-504024
123070
-397591
968509
-232120
299934
934384
358997
-469324
350456
-899178
843551
471235
848546
163187
-560894
620511
193751
487587
-567992
378719
-961716
-867129
-281148
614950
168156
-465866
353058
694633
708870
-745433
266661
473012
-346340
573618
-797429
187956
834150
-115812
-153910
378421
923962
-271850
-844935
262152
-642072
533607
117928
-22017
-706091
678199
766268
-623181
-99348
-224405
938715
-801360
-840543
-181313
-710663
851491
672430
-150913
47693
204003
-104895
88419
371438
-820547
-399261
811871
-658041
241302
-329492
-352997
-704553
937076
796461
-743140
509691
-106048
469304
761664
215039
204057
282916
-534069
-269470
393002
-804307
134901
697929
293625
215857
260801
-608357
-90007
-380664
735353
-627875
603157
858925
-228591
595301
44667
142557
-422686
622002
-64463
-984651
449462
686997
341414
-992611
371118
-594854
993391
-529401
-848361
635945
-164618
-669371
-907246
275534
638458
-689960
227953
-983469
-796362
-654508
557716
-332129
-743886
-760015
767122
689836
-100894
-793376
-592225
-494152
-759869
-131080
997974
-401158
841964
-566494
-692221
-337589
-153210
419523
135266
787003
-740593
348657
-189668
123905
813576
-128777
-404496
546320
-795715
377326
-210470
698412
519333
572901
221838
-915712
294550
-523018
-824840
853891
579018
404506
-44408
382653
717925
-199556
15213
-261978
986177
563158
573907
-708792
-322549
537061
-570055
543423
306930
-729006
941952
-10351
256470
806405
431574
305688
-113935
284171
-146236
583914
423489
-472410
-877297
395000
-246485
-395229
145055
577981
239102
933564
-654799
-2131
-608040
686211
448071
-834856
-352606
650331
-939385
541130
888453
-412098
960183
-219117
164390
-476621
-404890
250298
241684
-58069
-17327
-148551
-888173
862799
-121460
174332
713649
-922839
-966986
-932011
800994
-197547
-694998
146745
112706
193223
-615547
252093
560488
447972
253341
716044
253774
-527365
348241
-88433
230723
-240763
56327
600418
78477
392185
166308
801233
-649765
372413
158058
-305145
-963453
-789875
30539
696635
-355721
785498
-936307
-119122
533183
810554
729253
984446
638161
807870
-613404
-632614
-357568
-838997
-727315
-815914
-780785
-396193
348875
-630993
27969
-938759
-718292
798802
-906750
87314
-499966
-765529
-9763
-582192
363070
198692
-761722
-505454
-446781
750797
-694755
-726829
-376414
725368
-918349
-914402
-950353
302347
-755121
706474
-661868
692504
-791629
-529133
311253
-305805
262028
-534193
-738354
-337474
541252
314535
-770194
-258033
728100
688689
-88117
974088
943908
782061
-649816
197978
-202927
83145
-48546
-788286
838756
887027
-150032
332651
-936252
-361196
-681372
638748
-934576
-499443
-289456
-99339
103550
187524
-331535
-635881
510428
911514
-404673
-163626
621687
939137
164331
909680
457880
-42500
-442959
-447145
-242202
162124
-977647
-721873
771684
-271490
-887369
467973
19753
-596335
693518
505913
-902193
-831727
-293291
961470
-288416
486515
411011
531809
-168040
148293
-692406
-983612
355375
800056
752291
-462998
-966344
393345
484083
774628
-309884
711251
-610005
327315
-515271
-520808
110014
58593
794529
862181
-444414
414129
-245134
-942581
-366923
531758
376989
595863
110862
-861230
525300
-771770
231253
-209302
86077
732288
-241681
178964
467821
-248577
-198273
-550957
732582
86761
-205370
866765
597122
102196
-799812
-5338
-298157
-212489
602140
-791484
21
-22198
596126
55906
21465
-303221
740338
-192839
501171
501618
-464331
-145337
385424
-862115
496207
-292304
-203102
-938609
849290
-502162
514360
-787458
585823
-977378
-67480
-633796
-611392
-656554
195964
-404136
-999729
-135445
125920
-500157
-611021
334859
-563375
118415
-349487
542174
334176
180704
-281839
89347
82978
682985
-550146
-61417
501509
605028
-936199
-610556
-316496
-237771
209021
-799048
289321
-391610
-202800
449069
-318991
438249
-476795
562798
-724836
465075
581256
130595
17181
126936
913242
-457890
-282095
788240
-774786
388721
-337792
-31955
-868978
469956
945239
966409
374120
331552
-616708
-188919
318770
611617
579364
347547
361309
-855787
-221332
-844418
-275881
-169242
-571774
476144
158030
-299710
-791484
528237
-312456
27754
107511
98295
854417
-695916
-855407
-148202
-693396
474331
-441749
67620
-671388
-811206
999671
-816134
849601
574083
999293
326158
912086
627631
-673004
-464513
-179071
-597589
781469
670560
-976439
-916311
-100232
645472
-297929
529436
60095
391627
-156987
-208311
-369962
412845
72734
152563
-452630
-820420
-914428
-430802
-575581
769077
-254792
-21894
-171487
298366
113201
867253
633346
-486587
341224
356854
214980
-129213
-288623
-539730
616741
877897
-584212
104294
190579
-7378
998064
-843743
-554073
-80535
-306955
514514
500500
-776526
-596883
-777036
639114
-717379
-251112
-901383
-329995
124649
-927590
-967156
179608
-762240
-727042
-940677
931198
-843623
290204
-562578
682395
401539
-233601
267582
-239540
-249874
884374
-213624
-120510
767955
643578
-520015
987297
875484
448837
200880
825790
538805
744563
-544112
350124
-177048
-346796
331584
-759077
-682164
957707
-138701
-162609
79176
608357
-424817
-203261
-468374
430343
373193
260344
-991708
-793888
-829572
-944498
485883
-25306
603277
-830166
-398558
-67280
965975
483104
837538
-135023
-802393
-866850
681403
176675
-870446
-354163
206292
158142
210728
542539
557762
-787275
-531242
47154
573862
621943
950148
-356611
-392981
-108395
-520571
-410447
-857645
464197
-152865
61575
-482200
-518051
-172403
-206979
-363591
268674
-616615
984093
278852
-939250
-513192
943481
-672142
-719558
-535064
-897485
4044
311364
195283
421483
-632502
445595
806750
218895
-904762
-364018
223301
-512852
-14247
-107495
474124
125111
420929
620835
-283239
567233
593166
196963
-992602
-889964
27908
-866630
45934
-640910
-477460
-715395
-73797
-603319
483327
-199540
787468
178601
-463729
244996
-266752
-265013
862116
-522075
500606
525170
549712
832749
-694372
-22170
331713
599780
-583906
24390
-830755
855589
430980
645010
367743
-851977
841476
938271
778094
826070
-660520
803489
384687
314754
-386360
554179
667600
191777
-41107
-253489
862942
741352
-462750
-817663
941953
-949712
341840
876999
-137991
-873603
601276
-359519
792532
197001
-606324
476560
214270
-711018
-789914
-635982
-773247
6789
-491125
-843651
-576731
-706236
804787
-514227
-519706
532900
225885
-369246
489150
-800930
-2279
352997
973275
731814
-422335
720267
-423872
329177
345818
357183
674199
-293812
-204063
-607013
-531720
-14536
999369
-637838
362730
229063
850242
967431
481038
-512837
660248
754280
-814901
537201
-907115
684332
-545568
908204
-499810
867236
861110
-74546
-176009
-608330
483077
-412392
245004
-336072
872533
74164
257818
695131
435864
-403115
-316075
-39955
50617
624167
-726282
758758
921589
254447
740039
70198
702285
-173276
153103
95529
-647549
134455
473681
990298
657810
636894
-982219
497736
-526156
-890659
-33353
893623
623402
-842955
583163
443645
-557108
486246
-846195
-109494
494283
-935594
-451589
-605568
455453
-113721
-869383
-782198
496815
446916
417616
770118
489974
328688
964791
-262806
-935828
-595291
227099
441902
959159
-779440
788421
-755713
205989
-653809
602228
-617240
454890
643129
633447
37272
-52183
975721
294479
-568654
-80840
-993210
-549023
-908586
-797682
243254
509938
141009
-596859
-103593
299959
-274889
-982832
-725583
668203
320064
359698
465478
510980
-524205
37705
-820507
-269988
-866798
-119081
-157754
815123
250278
996437
-62825
798368
-924342
528519
364014
-441725
163328
715458
-628296
148114
-135848
-997022
928622
707212
-459285
780292
535058
-502170
413226
-104566
-770754
-905145
33856
-50461
521788
-983984
81685
-19336
274174
-395695
138231
-905139
438773
-678959
838479
884924
-686417
855544
49598
-230903
-5760
982844
481986
120179
-143442
397322
-344036
259447
235740
-542509
-799822
177452
-618376
455913
-447337
-933186
-65480
658534
238597
224524
870232
-666833
-503531
653299
-579892
60384
214263
-69625
538815
-233227
-535967
-687264
-139663
-106250
575187
-316783
-208986
396820
872737
-302325
-745292
-524410
891252
-643678
771147
676551
564813
-940229
-828051
519487
-160348
520406
-691189
326827
856922
227240
-8504
205046
931061
850988
556826
53277
893143
-859633
368362
-599837
-743547
132976
900290
-906232
-279650
-789608
-956780
-675859
-961691
805581
468032
-510162
-178670
-885010
991451
696920
-471014
290555
619002
522349
-341835
-435186
-859717
-958342
-970405
-622679
747804
-665275
169695
157432
212629
-425168
-163491
-691361
-142967
762856
175818
140009
81605
328483
-10333
-835451
-50142
832426
232469
437474
675305
-806113
167433
-329468
514541
59040
-30389
78072
354096
-737519
178992
261376
225596
-363853
-851682
203247
-304691
-252969
691997
907227
-849705
546419
-938508
99294
-153286
440285
944384
-261374
-848542
-845311
-251596
-540548
227248
-512286
-669077
-974006
934919
864471
-35693
-295449
672476
-797896
-170025
74056
271916
-893042
-935921
421629
727538
-12832
-778485
314143
-734131
-692154
-948397
-34299
115284
-786546
-307387
295238
352592
755289
300772
-655467
-256355
-433025
-392618
-591315
613356
863932
-21661
155177
210306
-562552
-312370
-71610
-687858
-7925
-102483
202542
350276
-493673
260019
-240240
467552
679743
-572448
-353937
628000
818003
-167559
232960
420151
-915240
888050
987069
656344
448482
715960
55264
636713
699288
-45582
285677
-300565
-718097
188148
147657
-866826
240494
520080
-891864
-394725
956907
799357
322844
-363199
985137
-841583
575709
355083
815449
-319507
701219
783737
-69369
-527663
-811901
67008
436105
742078
285549
960185
-545951
788166
501907
-924452
-484849
455320
18879
959095
-532501
903332
755078
-236346
882800
-74175
354556
214832
-162082
440000
900734
789772
-191473
637537
-794566
904623
-591802
-184873
-613916
935587
960740
634065
342221
-101139
-486017
593074
921042
-158315
885687
627682
53
-383598
383101
-847576
-271621
941674
764348
-823623
-312761
391223
-420610
428070
-604603
-997787
-710774
972756
-310526
671306
256183
-623771
-650675
777504
755071
483245
32184
1252
419948
-322380
632072
24638
-668419
80100
930953
-559068
-604236
313038
-960750
553451
-238188
-944582
111272
154608
785807
692035
943841
-229752
-684530
-824430
633598
491476
-325917
-775655
243916
-338267
237600
-426056
-10061
-116857
310066
717954
579456
-112863
278465
-97616
444121
29530
177699
-232171
930405
-493988
696327
-577911
16044
366425
-883865
767847
-865961
-240928
859442
346466
631894
524941
-221604
239396
-739398
984206
-470188
138233
70032
-999653
-795012
756711
-657118
-861671
242122
692586
-206279
-876508
-508759
732645
751376
-531946
454383
-835479
127697
-336790
272672
-186654
-293338
832170
72051
-329807
-44821
-925673
-906005
646284
-932122
912465
-605603
750419
628963
-813834
944600
-524272
613279
556606
-355889
-926944
-237806
696953
790540
-485902
839959
402142
80526
141646
205596
-692798
-992512
335442
499390
-427295
683157
423612
-676752
-576066
-58223
774441
-856177
456758
-208322
-641244
816492
-354541
464587
31329
-988139
208885
617886
-427806
996416
477249
72031
-680912
158286
-388616
-652020
887545
622975
-180491
-463167
475886
258664
190390
-56602
634677
-671510
-54842
-698619
-392178
-722118
-386333
167070
108580
229462
-862965
-561137
804037
-541984
-310815
-492861
-55938
-718658
-952016
274425
-815904
-285972
358456
535947
-368243
-828867
-563723
217741
-79814
-998961
-993308
-771007
-918313
-739950
-772892
-169065
156049
302387
-571599
-189458
945693
872218
604841
851738
-970575
-109674
-30611
509120
412509
-149441
-54323
863764
-578624
-200447
199371
635805
-112175
-741268
-663405
487569
487871
-814602
-376894
294315
583113
-514210
262167
149904
722320
467903
430017
127238
794300
-874581
15924
693030
-476222
-712961
-345780
-190924
902257
-291142
-174794
415347
-482855
-250919
-16386
552621
107418
689796
890328
277170
-485612
-278324
-725194
278756
-424888
917659
862752
685786
516757
-363539
-346717
-738338
285069
-560984
168358
391177
-499997
-145813
-163411
169197
-249963
-540861
720167
-323144
-896615
279572
-834788
-110123
616869
709982
-999285
-782901
-305195
-694803
305047
409648
-875642
500068
491712
-402189
-159416
688621
-384689
350970
948398
-864624
985409
-200613
47303
523869
977332
-212045
-796
43308
-484215
135408
508666
-292032
637154
671737
103116
-78836
-9836
697981
-567581
-263083
605562
-737624
528044
-747500
-672684
913080
320275
-656899
-139046
-476940
76297
-66038
200920
-36164
832522
524841
158702
376470
321296
704119
-153798
-97467
946533
881499
421182
-825878
-362585
637372
548396
-998450
-364623
-916950
590601
71140
504916
-306196
593536
-201051
-52529
767632
372142
-668615
76500
-661933
870536
-258520
215541
-469405
859913
654732
675810
-48305
390855
-665325
-402583
201232
27136
580294
-552066
500560
-383529
679486
870285
-307665
630778
91869
-730386
559058
339497
149865
173282
-929839
426765
-388131
733426
657691
349062
475786
321685
886284
-716161
-655835
171071
-510636
497953
955740
437172
-650862
317038
-391769
524591
-786742
622701
932963
73128
-197890
460464
-194752
-186569
555159
-601038
227868
756050
-540645
-189947
256296
761161
-756937
-186346
955492
-838398
93980
833011
555295
-533080
221047
-728822
977883
-665488
697251
-612279
-306022
-108917
663062
-631889
831914
159864
971022
640468
-986471
976990
714002
-880860
887053
-846344
-271237
182267
781640
-41000
-667842
-315028
-161690
35447
-473812
-426529
-301368
895201
92220
-752777
912722
-824552
-193720
713260
-148696
-745624
-696614
-484186
305463
744032
449571
-695004
-448174
-496781
662650
197523
-434496
-712696
184321
713354
-568250
-28225
789752
600379
-226075
812076
325783
239211
-466530
955200
-728687
820219
578074
312127
514
557441
-439897
-913050
-791652
266024
925384
710180
261199
-109955
980113
828335
-738187
-496725
293412
718320
-338838
491258
-174674
169923
-966500
719372
-240399
805104
-124354
559575
887681
-794786
912918
89823
-774194
-372394
811181
330559
-812424
137299
-644487
-146504
454746
155119
790323
-106797
-750327
-428591
-604455
451036
470029
419867
223931
655261
398707
-433526
604073
-346712
-787963
290899
676959
726551
506755
-357357
-898991
50696
-577081
-331602
955970
267429
9003
-695857
-522223
-561607
280865
-742573
659574
-271332
706164
753250
721317
256241
-756431
-382269
139776
761968
-283456
456489
607854
-335886
438368
826739
-158911
-127178
-591540
86264
-598339
-293949
338630
862148
626658
26564
502724
780985
-241586
51038
929098
297379
-987678
587976
743251
753231
918333
888213
912798
-793077
-794454
-710552
-474295
-236499
57820
-305302
-590169
-960919
-481443
-162310
722034
-155082
-113461
-296517
634779
441218
-679627
75941
833141
219292
-331726
587749
-27564
580007
707880
-997564
-703626
56213
-350996
162291
-12030
405766
-216233
109708
284727
-342819
583942
-941160
386790
787338
815722
238544
-720430
-933900
984265
402235
-720748
883107
314064
-900069
-664210
434275
768707
-34860
-35036
-991620
761861
-888959
438755
332066
757773
-921736
63075
-480573
735844
671171
-938559
-95206
154604
355393
-540144
-658138
349308
241151
45926
780385
-138364
-853615
814254
-345453
890326
-445044
-880321
-921699
-664361
409657
731045
-496451
815940
201761
-905100
562094
372443
776074
625319
777758
-125074
-269718
-76689
488501
-117114
-952044
-850452
576002
-925170
298605
-531484
520535
-675985
274031
-51107
319181
-164278
529587
-991731
-865178
-460482
-573028
992038
817252
-651064
-239137
178981
-436428
-466086
-397747
140844
213234
-520516
-210106
-730491
-197600
-307102
15447
423004
-389635
-751404
692759
-544126
-569873
223217
-619961
-105034
-785778
867314
-2444
-57542
174731
658615
409181
-612882
-973499
-175877
683804
-394642
-118033
194183
985705
253776
395551
-453909
336746
958076
-633614
672900
222841
-283901
502194
314414
282015
616051
-251119
-348239
328089
661739
465810
-708057
166415
98028
460565
-830292
44793
-298309
729097
816339
966354
-187713
124431
737372
-74667
817456
232354
-280057
-930849
-553697
-935505
-712628
821392
544346
-134659
705394
-357533
57329
858504
591985
27441
317990
169265
192089
610726
983803
135601
71403
273332
533639
906778
939417
353472
-195186
552653
636374
272891
286179
-975535
965135
879141
393167
304859
950317
-683984
206296
-719631
342846
676398
917130
-732538
366193
-909648
824125
-273019
634932
580811
250198
605103
-115102
-604141
221932
359969
-628852
-250787
251663
-39755
560582
-206472
173892
189518
-131481
252649
436168
-809290
-452761
-86520
-687293
-883019
682871
515873
512997
-569102
215148
112850
-734702
36995
-650363
280597
607692
151510
-367808
950943
-850802
438893
-97353
145878
-379350
-891063
-262748
-898606
-437936
-371611
-274090
564918
-401023
575351
405354
485603
-634369
-736900
60903
632062
318250
-258949
-312344
-825129
444476
141798
-6909
463816
959870
876509
-15484
-475124
59359
-496875
-864602
257262
-134299
429574
609173
-454808
80787
664966
808945
-297855
457112
-774944
603236
424733
-193866
527654
875194
728072
-559694
-683854
976087
-599603
-823343
550581
-456809
-544312
780715
-421310
-853534
224929
128405
213274
-917804
235973
-112417
419371
715494
518566
-147840
40970
-557300
225897
911063
-199435
567767
302266
223682
357012
-396425
532668
-859272
-4558
-292057
898116
-192501
-593279
768107
-141409
386808
-734553
-316966
-304517
-243377
-478286
-68910
342708
-37375
882601
245495
237705
-23444
-635319
-544118
127483
-434906
-353652
237631
-566912
-411204
-829574
37295
597457
-142546
-428043
431164
735066
380623
-587223
618419
687044
-755927
721788
-685025
316498
629762
494819
256047
-67513
-777948
489968
-715786
-582635
525674
451364
515455
205458
-638949
796853
703985
-591863
430229
-642940
-427452
955573
-73136
700387
-972880
-22371
-346092
-885265
315006
-193436
285144
661145
274698
-297951
-981567
-312517
754370
-996345
-457624
717159
862366
-280425
248257
340988
315284
-534262
742140
81531
257792
239059
376550
210241
-314619
-343851
-507455
520135
-303594
793725
-161145
-46923
456652
-635746
390825
-319667
594867
-822936
-242051
15513
-733650
210113
-315199
-118195
-577462
30672
747082
-804899
402879
74208
17480
940576
-687558
752999
601646
694706
-673425
862825
-402756
-865622
23721
-219827
-864014
-863552
-560006
288000
805010
260265
-183160
632238
469370
699378
217222
114542
-370629
471886
-679291
-836332
366684
-706313
-808354
-180195
-188134
-508936
122685
691135
-903660
726030
-825511
-674365
327681
-858769
-703965
-131039
358064
-880256
-909515
214464
654196
-672881
-677615
935090
394594
-904192
693027
-627037
458167
88078
239618
940590
404353
-684174
-64755
-190810
-27730
540225
-213579
-931919
867710
944517
509174
-334363
-244333
-672720
473211
946121
-694750
-221506
151950
-597179
-784190
90460
583309
656610
-532476
-538407
-858808
-405908
519638
993025
-250647
-186435
925397
-914554
307863
-191594
530231
-867695
-964498
731057
52754
-17350
769007
-130264
806374
-250534
-254626
13615
-849067
-34979
270316
789077
370813
-254317
-32296
995966
904491
65706
-998159
815642
-74004
-147424
258199
851269
-228467
-607923
172217
-675997
214921
624954
376506
-175417
92030
-661175
82899
-789196
-983948
750499
276378
233500
675077
-685385
-708794
395170
77451
-47399
474573
-685834
888868
605754
-554891
324864
79348
345326
162858
-323065
444592
479049
713732
-732455
-736130
-956820
222416
-986970
657769
-77977
619901
-981453
-403659
-131664
424196
-888570
244546
-86347
-920147
563214
346907
-807316
-461345
50164
-223618
722652
349894
402350
888516
-773419
351161
-75372
799004
238602
-807481
828210
-4012
-205265
-767907
-117928
596068
617317
-609378
-163769
162876
-972068
323546
408013
-79521
93523
-369913
-231527
72667
222195
319213
-37396
-42454
-503735
-591332
-349165
-540821
879756
-650150
72443
731226
274455
907289
700839
363013
714000
285862
-637094
347864
570083
204069
-325997
120462
378565
-620262
-6438
-693441
897988
-300003
56854
235226
413384
-485903
-588627
-790984
14132
342199
916254
341556
-250090
269692
549828
-78878
-629640
-252806
-35234
188289
624510
-947624
579198
-129687
228208
-437285
-925845
-30786
276589
64636
-451217
352608
-798184
350112
186857
866570
-112486
34064
-325639
758320
565993
-142466
3564
-635580
865415
301622
-665942
142781
149782
813459
408207
-320441
756947
9511
736235
-339122
-959904
-710538
286574
151805
800569
-495924
-82977
428438
-320597
-217234
885239
859428
-519871
223192
-372416
339636
-80107
-424521
-369295
341847
-514947
171603
-645377
728959
720637
-419810
138468
202225
297217
-58088
-634686
938781
18018
994238
-652229
-586941
-90796
-70822
232844
35141
418160
348707
986572
-794771
-344599
-595111
250008
388271
-392726
919793
127895
-633628
862945
260174
852503
526285
43849
-577667
-446034
531815
-47552
915703
-905793
-792807
736688
-267991
-136294
-695071
757221
-789985
-529160
221801
-695964
-273444
337155
-853489
-321058
-389661
-23460
129851
468108
475095
32995
-501128
-320739
48685
-400493
673064
-194906
915131
108049
78056
431408
-210295
426446
570553
898338
589326
-321778
566822
840776
975179
-277440
-982474
-104124
481729
-397024
-534491
-869710
390213
52530
216799
-131657
-6997
-592499
132450
145285
-861015
-569698
-798661
-902990
952361
701531
-282852
648339
142443
907960
-761862
349489
48846
-897174
-663653
-220599
41051
506219
-217986
82009
-263578
-806134
-774240
-391942
892267
-660892
727550
823825
-100700
-155013
-403000
819805
954775
-787954
205509
303799
979978
-56231
-731009
173892
488246
-618357
-236877
-470099
893947
-318652
-232067
437204
-349378
-609860
32168
774619
-312857
-962152
-79986
-399468
-160685
269503
-134376
708184
364831
102397
823805
571337
-870498
-897215
484356
-368339
966239
273899
538621
-591149
-860550
-790983
460351
-861742
461260
-806456
153555
238644
-25640
265689
-843981
-966048
243931
-544059
726032
347975
-791400
-686604
-778769
-425217
-602462
585050
-100356
888620
-977580
-476226
501585
-30554
-740844
-615063
-310852
934906
549066
151090
283970
346607
-265844
122787
-360693
-606574
643450
799471
-839630
-803755
-147098
-82861
-255529
-674121
328893
-870091
302555
-558784
69367
-446058
-440843
-860089
253900
202545
-94324
-334808
-274424
462314
-569851
-298862
-821730
135528
507563
-714097
-951291
337372
-587077
340436
377784
-391555
21052
616990
-296035
25364
493475
-83261
264328
-439115
56322
182812
482704
604491
684002
-942839
-558340
-487485
420401
-600815
440883
586530
-806962
349176
234767
-148679
783137
3370
-934243
4374
-773024
189995
151750
456528
64325
-347162
754343
356521
-256676
864986
544722
-227678
-263805
61271
-163644
929796
989434
-966351
-702807
748760
950452
39303
-509551
997782
-757489
-497111
-236
802656
836879
-339247
461542
-486883
-757728
-726842
-509852
441960
-135363
-599094
942704
251604
973097
137888
827230
467137
-534518
844825
256102
762824
715807
584542
887862
-186191
-998571
-950599
-603607
-602933
-42360
458600
-755036
818135
-852139
-969988
600588
-431366
-481385
-780437
493079
113720
-982243
-852791
227766
230882
-983577
-489999
560231
82732
549568
-843757
-879982
-329378
168135
970371
136988
-813531
60580
414542
54836
583484
-323411
-930701
-11470
-90508
336351
-771943
166876
-162508
-863464
275168
640617
71935
184764
-836653
-705882
-795384
-658252
135013
381425
21138
-463630
-796587
336154
663811
573677
-695768
489183
-655625
134689
844992
-613311
420850
-234855
-399706
360422
953195
-377052
-981485
270108
862119
149427
-228991
-657766
-543206
75312
-357196
-856279
-968261
618679
596126
95531
211780
-232562
565663
434680
23781
-831122
169457
310927
647602
-373318
241080
-36284
526207
567103
422471
297104
347360
958735
674660
72579
-456468
-475958
695379
-331365
40603
976094
-552350
-134907
-998137
365897
-565983
-957183
121662
822500
197081
2971
-805705
698385
688041
193068
-984892
1406
270165
-743526
741941
556699
637286
13077
-354586
-42510
117796
840125
40426
-288726
300452
-719650
610932
613358
458593
819077
509006
-254730
202954
-526406
-569217
-930641
-820414
-365751
-552794
-669025
-406022
649513
-299197
647142
-817097
66634
-472584
-410054
-339031
154816
69595
582221
-600291
760040
-835380
39240
384263
-490946
279305
-208947
738665
-603348
880246
-245164
-755080
319599
89798
411306
866346
-92765
995355
566738
-682049
146508
-27321
-940767
383410
-500842
718923
435970
-400122
-346757
-58898
863732
-784178
-370577
-523811
-737707
637882
-474789
-920381
-635653
791953
916419
689232
-44145
447295
-436769
44159
34559
-100439
467558
-138540
859785
691773
-987573
-709131
-969698
967868
350572
-738522
626052
-501790
411538
-351145
884828
189165
-674219
550617
-234909
9555
990178
261545
748931
-321146
680104
-289735
324772
-844883
722688
375804
-397519
569203
-461116
-645184
334964
840566
304258
240644
-197178
-207995
589159
-771770
257701
365417
-179875
775897
-348616
88627
62890
763001
-671083
-642819
-228157
712533
519489
915695
638667
336418
-673487
406794
608728
-954910
-441586
620627
-490429
212306
94233
-558214
-77681
964337
42865
-710765
-149463
-759448
55134
-996263
-37300
-676822
-926092
-496304
578516
-747582
-270749
971092
-189811
-774938
296044
60025
595986
-792680
-982326
-557421
840960
-916070
-439777
-531176
-264454
702072
348849
-971086
-255728
-121927
305589
-63798
787018
-484384
325453
-480687
-733720
-223619
-90729
-566109
116061
-312080
-955123
876358
108167
-22873
-916824
-365795
153238
-952229
-167058
-470869
-77536
927423
-223167
-35531
-186665
-209602
-233348
-222079
273030
25752
-283163
163521
22910
862580
-416607
365759
-513986
838189
911638
910480
-197808
-337370
-781224
-181737
-416660
-150063
-832926
660745
-102590
-935320
282312
-174369
648093
-965900
215148
-842148
-234967
848896
295854
-759775
-210729
-949708
-121646
867115
893936
588494
427087
797340
-442943
-659824
538398
-23418
-200493
-779198
902531
916113
-122081
415140
352849
30043
-832305
926569
-74391
-39196
386453
128520
-124970
236817
-10647
-53255
18344
-613120
148544
637313
-425576
772444
561011
360743
-266408
223706
81804
-330785
221647
895744
-697208
901251
-3283
-508357
-574614
-545736
647939
-139860
-798273
-707228
588999
136675
-503331
-179120
-630041
679211
-766090
-19624
-870799
-53173
465294
28520
-817542
-150263
-345179
-907311
-802536
-425889
911023
-822659
-388570
394015
667475
935377
-468941
806254
-83674
-321206
374509
148953
262585
-452379
19240
-580934
-432946
575698
772493
-333423
-148374
182442
446517
764623
941538
883775
279125
-425876
946685
-629567
-661568
-334214
-943381
-530372
-398344
-694411
656905
962951
-236541
613602
541381
181419
-954904
830258
88962
521355
249541
-974057
579803
-979668
-999657
371241
547501
-317131
-647755
-494853
180451
-684419
-996757
-652819
-980587
-130943
518790
-700274
915958
-394851
-222192
879354
-285449
-417754
-11697
-45857
355089
121701
55735
406370
583643
663597
-616297
-268014
284512
979015
686489
71949
-651758
100391
767969
-685737
-662044
529166
-621882
-666440
866965
599327
648725
-234199
-582040
885333
43897
775778
-191873
-210929
-622072
-80288
-448387
-431399
-832306
-874450
-888581
879977
-960759
-327029
156138
-420337
-661531
-390724
-774066
543164
578028
-279183
368895
-823765
-314126
-305200
-759311
-798167
-241732
928298
695852
-686130
-119335
799726
258884
864482
-653547
-26654
989188
-416403
-915072
330375
633886
614570
25171
956172
-190868
978606
446482
20438
152013
122196
-712849
-306250
-535496
-218676
-925978
472776
-34104
437441
232982
-67338
620978
116695
92285
541200
857716
-558426
-738187
-539334
867007
402172
573600
253719
406122
-342101
52841
-370696
474408
-665913
99929
843684
872366
267758
844010
951841
-865012
49508
-811916
785333
-17253
-826196
-98199
524824
828572
-570934
233540
-100823
-151741
620065
426545
367121
343535
817569
-113237
338564
-432978
724242
-640985
-71595
-809852
-806282
-552180
-689499
503673
897364
463812
-274357
55977
-290987
520581
20339
-171687
903481
294099
-108669
510052
-375521
-578994
130541
502794
-824282
-507728
800749
891326
-73657
-180900
-345898
-659645
-513031
-21097
-818821
275681
553292
625265
447033
-295947
-938925
-356399
-483072
-666036
-583560
-598667
394866
573478
166145
-430441
933043
881099
939070
934557
-389198
-418797
-785068
427094
239336
703668
564369
-868570
-377562
80281
-341052
-950472
-430314
316010
37486
-608866
-508034
697333
798874
937920
121631
-770425
22138
-324662
442997
232620
-622222
643533
-78659
228051
-498964
478327
417648
201961
-802558
-807343
938460
719089
-621160
638929
-379113
669603
-888047
-976490
27470
-520034
-751022
632565
919713
-78087
-707860
159328
710409
867432
-915657
-685003
605847
-51139
398186
-951706
-792005
-484928
73255
-90892
-935848
-50669
730789
468773
-302747
194541
-234318
502023
462032
-180089
-409542
438316
-776558
-951061
960927
-236301
-258908
-868008
502886
-480881
537483
363400
-726969
91867
57513
78963
615971
957460
78403
-991139
-684366
-295853
94221
416887
228166
854837
-655439
-191672
-849190
122031
-707632
772867
-236514
-771821
21530
774118
293393
-925284
319367
876044
699403
-760751
-781564
557801
634855
-61110
497497
-183251
321054
-627913
-844183
-301789
-342914
-259497
-759936
-165508
-234518
-936897
870978
12449
-471416
-335669
342799
973498
542851
-937196
285007
818355
-942989
398356
262822
-832756
692598
-296397
726168
-129556
272058
632690
-508437
633120
787836
698271
815679
-887488
-484191
656747
-963456
929137
940135
-667865
-415701
592657
-947718
520368
284368
681099
-498219
796097
-427589
20888
733531
-774541
378048
-632341
-579228
994861
-454287
38550
263709
320751
-961328
-125051
358112
324276
-778739
-374422
968438
72533
929909
-93669
726158
-720896
347412
251548
-737527
-129653
561187
-350564
398023
295012
-163410
444953
422613
-444279
252852
-83378
622152
-914286
-28020
-201562
-147613
-221484
85007
681288
959612
-701677
652175
-760151
-274306
584388
180965
-233377
369112
-109981
-631685
-50404
130405
-830925
869625
-378693
937772
583663
-293015
713291
300870
-943020
-437545
5
44494
360425
-568699
258968
393967
-845577
839828
-224571
561357
195336
704176
-846000
-191927
610174
986891
375651
-626373
973908
-945231
902655
428474
-190933
-514087
392697
540386
613619
337612
223476
413389
-960020
769999
142581
762053
-112926
-802275
291582
-360232
651147
690000
894191
100705
457069
434835
-101715
373000
-731815
969119
725133
846483
-250555
215754
-69365
912597
-420797
4530
-57844
505647
306778
350865
890488
641284
984905
119398
-582499
887940
179343
-976981
-702771
817384
191143
500204
786057
988641
310722
969724
110885
-836393
300732
988889
-132317
675481
-314237
905857
-375073
519452
105207
744856
417562
324696
-447980
-907346
586650
-474674
-694094
201280
160689
-302180
270480
-811757
833376
577542
-308572
-942866
-216423
202640
-912337
299927
771452
53556
-181674
936535
637780
340682
472276
-639623
587895
-534113
697852
859369
719008
-920309
-42232
428475
130700
42550
-848156
-587086
-4945
26478
-766573
-776568
977001
-472135
962268
-581852
668023
171142
-20363
-184824
978965
-205334
-612865
-553350
-42700
-62300
68685
110003
873693
461953
899274
323623
796474
249333
824616
-534872
-810118
767929
64427
-136372
420173
840916
-596207
-922364
-170548
-461906
93718
277845
-604742
886890
-370945
57937
-26987
-80835
-633457
-484634
-859569
433065
849787
888099
-409975
601940
613730
-587417
-64336
-321030
327700
355803
-239261
80617
432967
405060
-546886
-677332
-255018
-279972
-371886
-796299
-973607
457486
864080
901130
-543911
538254
24050
-706162
-831282
927451
22283
-770399
368989
62439
71021
334107
453809
-940195
-108863
535910
-3010
292924
-236905
-270597
726451
-192431
-949122
152604
-891333
-602115
-504350
-603932
-80832
690327
657278
-377729
-571093
-231140
53660
-648432
716367
-826432
-626423
-391047
-941074
221004
-302859
-84690
-347759
-887057
-257117
390705
-638309
318935
-776364
601886
907102
-417691
-617676
-280517
-283735
312712
291446
709940
-609558
217795
-345958
-279407
-613037
-799366
234524
-100967
854844
-272018
-985441
-891612
187159
-467159
888298
610347
637909
-137433
-476525
320016
-919400
704734
-417810
118252
588491
-804434
1794
-920312
928613
304701
388856
-980610
-600309
713001
341568
853498
138597
674094
181886
-618405
521251
469138
82951
-973994
640903
-865823
263991
-906262
-945950
-27140
114517
264649
884516
-263834
-698745
246868
843708
-396075
-905084
-602788
631619
425880
758985
975915
363110
668349
-210713
-471042
405440
653801
-867694
296145
842808
-952531
-217750
848939
347
223921
828976
543730
-36138
-942904
-878372
-234057
493233
-581294
539395
994659
460080
985593
129889
685105
263513
-295032
-133786
-309985
-876438
-117026
-79815
-31029
115720
898468
-645939
275648
690498
-982147
-66929
-180811
-114591
-785548
-275268
-544856
506412
-350505
-799949
80491
-817110
984062
558144
-575311
-332558
82976
-785805
-540948
575687
766006
992045
828632
475529
54670
163306
432453
356963
325703
615265
872351
705752
-926294
285721
105759
623137
-362565
-497411
321210
-945866
-130085
-926061
532177
958066
-235047
418299
-187715
-328024
942298
-238376
377153
-513496
-959914
-281924
529559
291767
-475540
453234
288632
-906529
-457796
-72691
-490430
-178145
-631105
-231490
654556
455454
365118
393754
469045
-4005
636114
554310
607588
878686
-753868
332891
358284
827108
-487992
-662385
922262
797074
94859
719063
-989754
-12686
198586
486558
-355319
266878
-133667
-417276
-785910
-199694
843304
-762716
-749205
819065
-133336
-796500
-147326
621539
-391814
229997
55364
-710795
359914
798142
-297974
318511
698899
307866
764256
268931
-199774
506348
-211729
66101
-534337
561516
627910
-477612
-16513
-630121
-91835
-120864
-103892
74307
279093
388269
257136
-584413
-720112
721806
530049
-536275
266953
-830288
10189
-32566
645780
534323
-945946
62272
-717910
-383703
-510862
65299
-129756
216569
-822368
-311423
998840
614258
-941751
-834851
634140
363852
-297633
112175
437297
485434
-33964
423268
-938322
95401
-633010
-608208
542356
790059
-298279
243730
-672904
208784
-187386
21364
472607
185903
-349303
-717753
685585
419974
9873
188369
-17959
-518370
306161
-19531
-461568
-894781
449587
-109548
466759
-11515
-688992
-255754
615130
28384
132940
975773
130139
278074
39523
360293
875991
430763
-577185
169401
-500405
660979
343867
713801
-437949
463666
890331
694439
353051
763076
-567969
507979
589410
-596073
-254279
-384161
-972468
23899
678682
-476121
727742
67177
-326
-268609
790632
887190
-998206
886356
156295
568551
601574
777763
-889307
-173324
844103
-882073
-632547
-299706
-770081
818965
911521
990113
-173284
213905
963079
-511046
-847974
-979936
236728
-151413
-72813
-923919
384150
368097
617569
347481
-430714
-996246
-161119
-118045
-414130
-494842
30372
-86840
-143743
248352
-50311
-36793
529650
-715460
249471
363150
-583420
-905350
960247
793434
-841316
-709243
-990641
-816030
842441
707229
-797648
-478776
-279643
-356214
-43738
-918047
239232
888457
-709623
-786596
-366540
514494
478823
-880261
990101
-85975
-820832
346384
-669837
894264
-779106
685288
515899
-306721
-343773
-267208
61615
63041
459823
326798
889620
219101
-472776
332692
342507
-66696
705300
286826
-552884
951508
-63174
253608
631027
545135
743535
83104
-476597
-266912
107031
43922
-941369
937432
-956161
767137
-70068
624835
207902
585479
533669
393369
941567
-940597
-573218
967006
543502
-347383
593234
-505405
-89213
877302
307147
228197
583275
304581
-841730
-652550
634748
819451
-633504
-342027
-478902
-762218
169344
-27921
-613424
724427
869169
321242
963072
108285
257657
823074
732604
262380
-168800
-550662
382383
-508378
-327003
-719287
-770751
-892789
-475414
397300
144375
405465
532195
444895
-910985
-217744
453845
-161510
230044
774091
134175
284005
637127
363785
92669
-696936
-281560
-823516
-494217
751614
-481475
-625754
228448
499790
-527076
-137286
859638
576149
-833155
881693
-770793
-852417
790499
412649
-823422
963594
68946
608697
-376279
-4155
-805913
-196201
15844
-275170
-487759
-254258
146094
-888359
-857450
634947
385419
43718
-997552
844187
888310
-365019
-335718
888455
247985
202455
-359854
-85143
766518
65099
909400
538639
-657710
-897181
-152601
-761718
602875
-37912
-148464
420973
642168
-707416
-306927
219057
-415495
232838
-413019
842520
-252165
700958
-531291
860993
-63266
-370905
-521816
33775
-223651
164990
-276533
634094
559899
544724
-805368
-469793
-387579
-792932
-303986
561435
-636937
636911
-143786
659096
35068
-690228
634470
-681017
-715846
-3052
723581
482780
298969
371394
-230581
587840
37522
115888
-921042
-299276
164342
-444484
482952
-493754
885953
-220475
894305
62100
-834184
-162120
562790
-911120
588581
-433599
302420
161269
221644
-694817
-689335
-212414
611741
455027
-47837
-527736
425769
650581
899192
-57948
-613836
719988
-40159
792222
775419
898503
490215
14205
644621
465762
-682777
707894
-386283
-787996
831656
-883970
232945
-278500
-911059
747033
172100
-947077
-174285
391818
-348808
185868
-969262
-517901
-853746
-210551
511482
939246
123241
-258370
376169
250886
734235
-574445
-290975
589524
-337240
7387
-949730
-687430
495409
-902060
744591
474331
193633
529937
-488421
-221601
-307469
-75972
220565
571904
-841624
-687829
-174514
-415985
-527722
-277628
-946976
-478139
987258
758536
-618167
455038
-269391
354605
-228081
-139921
-289277
529190
550519
-227216
-913302
102401
504597
154148
-216945
46258
389889
234509
150771
864899
993243
-190464
957905
316153
-854204
-554901
-356298
462791
-44325
84196
-321535
535977
-667563
-981454
938535
-194102
207678
194680
52892
-931634
1037
-949695
840518
608134
977715
328954
-618139
-684419
199195
215401
-716556
879513
558606
705711
912669
-729808
110418
-285273
-532977
249893
395381
251942
-951691
-977749
927809
397737
46786
629205
685428
-515109
-745430
-405947
-249341
-194168
846229
-817067
-317184
833859
661194
189966
568223
449531
-817683
871138
444645
665586
-524227
468667
171579
-263091
-736981
506761
615754
-247633
310213
-720428
42319
-772289
966823
-488586
-761243
-83981
451235
-133324
503174
-506076
-32726
-451723
-370377
445743
139065
-335106
223491
-193952
-377529
-535575
-364311
495047
-383983
425737
589211
681789
786477
-955727
467031
468809
70094
-450176
685741
-456078
556945
652286
-869417
-519075
-271860
855028
118441
-599490
363366
-358694
263158
-555443
899713
-695902
-752987
-828249
636233
40309
124938
308753
446511
-882707
419066
144584
-58266
980507
-662046
-165979
-432991
-267700
-980664
-824852
-560412
575173
-24045
-575705
793932
-322952
528874
-888570
48300
293336
-16212
-208219
-249694
154740
351326
258872
740654
-50827
27534
-250016
630482
-984515
591958
111367
-366447
-3270
135129
383157
-925427
-54357
346383
-453646
-272140
-605755
-985822
731037
582673
-723929
-931766
-545659
-868301
-838993
-462935
-812812
995876
-537409
555649
31506
67142
876193
-377782
-971298
139166
6828
220623
-282759
572032
957945
940487
384253
-285741
-58738
-814315
315640
601194
719244
-684701
777722
755206
664380
65819
-367897
-966040
690667
-510415
110769
132279
-869852
507154
-465372
-535587
-747963
15980
-155823
291648
809082
-745021
548173
-950569
-919354
-19310
5657
917904
102510
-221857
626558
-992548
-606913
-888678
-316019
-321701
642504
-856230
50815
-59717
790646
-267283
-336737
224203
705661
-106472
462292
145978
-26656
-335000
-42008
-504963
-601881
-681177
-281843
-719780
176983
-333468
305159
-688008
47468
-484863
-799334
-682789
-330974
-937150
-569810
718052
-596130
146060
257226
-560652
-784384
723556
-241217
451828
-791126
346826
531344
-93801
665044
-666409
670266
-105370
-508314
144798
585800
976525
-785290
-826425
-569719
-583550
-537897
818160
660643
432303
-184480
-872305
744878
337034
417264
934882
947888
243197
-643344
-165687
534518
-956260
226821
875889
138557
647351
548315
-451152
561234
186617
-808927
-59767
-336880
417057
260908
-594928
831740
467005
871790
924645
-526595
547562
-344446
17800
-343297
-583237
911904
-1535
795481
-147671
944542
534180
892682
700180
668840
-636129
-303181
805298
-192914
919625
549738
623361
-824689
-958763
3672
829352
-227473
-127808
-126532
2609
-690838
-288555
-656869
-691486
-671857
256754
884643
184897
-64498
414149
342432
861325
-639037
587649
86097
709197
-914911
684758
-111523
-55571
-560368
-744676
-807803
111011
701945
215633
634932
95733
-130571
-404048
63765
-86518
-263696
436480
-754680
-102506
3321
935687
-294756
249589
129100
785546
491699
-637304
774924
-131644
881011
-692427
-891558
-601282
-377228
-581191
801908
595046
386993
-303181
487221
31496
906063
-193772
196784
86917
417276
596888
-235273
-458526
798442
-220606
698590
897986
119449
389578
855558
197475
273369
280216
524399
-888008
267422
944420
-596907
255957
-117360
-806532
-154129
-671251
440278
428126
618955
983417
89350
-327570
-261051
709845
-660267
437706
558218
520557
-66365
361062
92705
-341647
-190242
555986
-4815
16644
778673
-745436
358929
310936
860388
340389
805834
350788
-110827
735306
118887
56168
695803
-774918
-866568
707325
-203307
125305
-704644
-93037
947759
586757
-730597
-857488
-50089
75406
612913
-446317
481157
-100409
-444619
352807
-819643
39136
445116
84523
-741324
491232
788227
127543
440172
-400463
797401
883267
229071
-304129
152189
-727048
545866
-763892
869522
705
-358428
530204
201070
-957714
566663
665947
226452
-403908
-462099
496528
-720265
945297
-945532
-618779
607467
-845798
-667347
654522
-422288
-664890
-984003
-575338
-61607
-534513
-305974
197836
-137358
-982107
-370611
-916904
-993666
702611
-927204
-112266
222598
-634125
762963
-393968
902067
-494438
455412
928167
639633
195661
695174
-928734
-594175
821722
157252
221883
341996
-695550
-759442
503253
32895
-467403
939374
494366
-951742
257968
-934833
-250216
-910343
-769269
641541
383466
834055
224617
650097
19082
-280112
-643876
-383113
-259948
169105
620473
-461300
922455
551260
601472
-966538
286040
798224
701273
-21677
-291111
-280547
-784899
-3554
-191154
-175180
774313
-804531
895066
-577570
-288156
-523012
48120
-934731
-263934
801265
666186
921511
-951340
-185292
641405
84017
-929252
987116
-453255
-311855
-552797
580998
-348989
473615
419557
-658057
-509930
-290195
486268
-221389
396678
565775
775365
-715307
623850
393974
698210
812183
68449
-982132
802972
648630
685986
-844551
-135765
984831
373308
-371729
-800256
-278960
-470766
264641
277152
-9302
940539
348423
946484
983107
-885010
-860047
218928
717566
404446
-464818
-527280
-987198
-717529
974178
831416
-974239
827725
-327696
287806
545830
658473
-754615
-192068
334878
201811
339640
820685
237104
-44741
800513
-302125
352138
26666
-905298
-130016
-82118
573775
-981131
-833119
-744707
-370845
-712006
-756733
312659
135872
737757
-912516
479630
436628
-656488
382883
269684
-886891
-734882
27841
841225
-503197
986491
301194
-48856
744464
-349130
-429164
658282
-432033
-44706
925075
-927283
541568
-341881
491370
-474979
-794686
780201
-909124
-364708
-187016
-234598
465690
409716
-540823
-233101
316292
-978278
-150425
5324
757698
780282
-549549
-465428
106076
-869440
302829
688375
328238
162367
260081
805875
402147
-355174
-725233
583944
-276013
-334073
450000
-429757
717886
776270
-582028
39027
375282
46031
-5995
-113852
-819066
295201
-971110
302955
214225
-163175
315900
-811987
-724628
627536
-221667
-276826
341628
-195906
-473262
606175
-270867
-447247
-725491
-255533
767965
255855
754530
60686
-40011
-469279
-351613
-204323
-559483
-711168
-625351
-289114
10028
-255822
-200469
-833966
393555
-715246
-628231
-912
174716
-585572
398463
997775
843199
1180
-792730
-636617
-142403
-817578
-183652
192485
814834
-306249
290192
760014
-376705
491280
390977
793661
-723519
207363
730126
-684958
411924
-325367
586670
-108174
-441162
536649
964853
963152
-734664
-371644
92662
-445553
321648
464200
-675542
637988
26417
747134
-584970
-377267
-177277
-259482
562940
-737800
751959
3355
-490184
577479
-437363
-647361
323181
424809
-354360
495246
691399
502674
554729
-704752
112539
-603317
-678645
319769
-643931
640150
536523
50338
-71616
-230009
982963
895817
-583961
649767
-527098
-734405
450648
-667736
483553
239145
-99776
662433
314603
445925
-286531
-441393
627423
914639
-38080
943424
565470
663783
292030
-476655
-368063
-393190
771243
-241868
669046
147033
-628881
632997
-617969
72782
955225
-564838
-81656
959695
-920573
-904537
820712
480300
741009
-104678
-169425
688889
316359
940405
538216
-865174
-501280
-192693
806379
751988
-347411
-950100
-455113
-123503
-571586
-657549
616184
-457939
41466
85462
112901
-227577
997084
-764127
952070
506210
-261849
334505
443662
646675
-249499
321189
-585939
-544529
-676895
260904
831473
630500
359012
-792015
819903
-816604
-243866
-922920
306405
-419062
846398
-132060
35156
-481377
841048
-904050
-216979
468156
-931939
-178444
-222164
157476
-547945
-596162
384927
84159
-86338
600527
-369001
501308
-154459
-98806
-854657
573063
-128389
4188
149850
250842
-391477
-836950
834652
-887799
-700569
-114
-848932
-348427
-551981
-376095
77206
657486
200873
-841716
251259
870669
-168043
-230032
616761
-690634
29659
-326674
-162274
445104
-77587
-959262
173705
265136
714545
-800558
-73064
276570
105550
544184
121144
-999892
-518600
-66092
-77119
-32279
-179470
304013
-472829
275565
674652
-558953
741919
414887
891340
435084
-806612
-358694
-292990
881669
714583
7903
-337860
-920581
-99244
948083
381637
-41096
-912558
864629
-794471
-938518
-878298
-79229
403118
-727118
-90798
983597
-592840
-232086
-811523
-624698
534978
382494
510084
287432
513811
-475174
-590709
379559
597684
-334260
158167
376179
-108550
-678790
-661998
498711
30847
390253
-539434
-211744
660808
-12893
-372702
165889
485682
-57303
500344
555185
932541
-952864
822372
-591832
595333
844161
-587485
-882643
68597
-977534
-712590
-583511
919784
-654729
-892932
946683
537261
-944407
-27647
906657
421795
-86848
826130
720440
346643
-469596
-25017
771534
331849
401247
-619017
-839926
165978
-699323
814147
773214
-181499
439107
-155786
-133906
110495
-492972
-288088
-536232
-162789
992232
-769001
439979
654429
-437550
-600517
-444825
-95200
379331
359194
643423
-368478
-799846
169805
-133093
218290
296391
-949134
722629
-45568
676871
-522493
801727
970703
983385
-191481
-769900
937928
381880
689396
894976
-722917
628416
995828
-864387
420994
-922085
-269740
-130748
18630
890098
-850174
90179
159637
438890
-62755
-45794
-464376
-284173
-467423
-144531
-912797
-861975
882938
-580342
263528
-287759
-343483
151489
903363
-588161
-865241
-606515
-237097
-647028
279344
-929003
839580
-544059
657590
-159819
722911
-249998
-771739
-259098
-80880
824051
34368
681271
145617
-859293
7492
53916
908663
-826458
570987
-849596
-242706
281796
729860
875305
-629245
-544686
141911
-939897
-258123
332935
-550184
-370554
-545215
904099
838573
-69236
-573709
-77495
-280365
-597940
723486
-235002
747327
-583827
331681
-88621
192790
-148358
270868
111407
450678
922220
280846
-179829
336821
673282
914546
-214988
121706
758366
84400
-201620
528666
624283
612343
389919
424525
-647818
60711
-990858
-830628
-42267
327834
-588510
-84989
798078
-687708
-939106
-95841
108217
242297
980723
-275410
953356
265152
961484
391542
-679511
-894770
13551
-442072
-186487
-1253
-853263
-761997
-771863
534048
-310574
324319
633194
-551939
632173
-747219
956481
-639411
495093
-437624
800402
553043
676687
-534309
259215
242876
459567
-335314
406278
-707456
320533
490107
401256
23475
-583169
-642897
442803
676990
643896
594269
361414
-671445
-374208
548358
4261
529011
187158
-658828
291520
-72040
-674961
-182987
482787
-143079
-61881
-926865
-435632
210164
-891879
-742716
103944
364087
57523
752432
934358
-522799
822491
258121
232562
860084
-816792
-558246
-81317
-491932
-604326
-297673
624806
485118
-634241
-185830
-767477
-283882
545221
-750954
-741925
-525258
-290828
566797
803388
167128
17633
89861
-691090
-388807
-339002
602982
-79809
972242
-275541
101997
-543139
542710
636722
838984
738795
522106
617400
-380872
152897
876026
-364087
-449134
484191
-906337
-670549
-189594
935857
-975378
978106
-847816
-913451
46516
406455
-526209
-87389
-953276
404183
104930
863132
555609
729883
-879833
209148
-759223
-430072
-769438
784050
21249
182198
-799209
375395
-603282
-891387
-701048
946588
-591638
-186385
-805969
652180
217326
249808
956978
751020
-593309
-603649
-641265
-101519
-506121
908750
-767269
-834821
-643238
-208930
81156
-134629
82016
41710
-107900
499870
-502022
786995
217238
914535
698782
-536756
-145922
418360
69069
365930
621294
939592
-412763
-857613
-989213
-868706
867637
-55406
-539684
133425
-768862
-139131
92959
-61946
-403982
-633344
-194287
-78208
850599
-116155
312325
181007
-857810
856071
-712699
596677
-990782
337463
947453
-512345
116223
-30537
-117536
-882132
108289
-513238
-131596
-496848
-617452
-821882
919503
-510203
344487
-287119
767025
936321
-729573
427371
778468
252890
-86554
19191
19101
411562
279481
863510
-562938
551569
34944
647856
-902889
433531
648609
450499
-520312
-492562
278538
545879
726101
-95355
320266
-67352
218334
-60473
-864303
211107
-486383
-570787
829007
-295215
294146
-90955
-956839
-577418
659334
-762800
877391
213644
782691
-618942
-615521
616697
-580167
-472528
274469
695505
19768
-534475
356344
595341
-179407
-313474
953395
-92626
-267482
612720
-846304
-313469
379840
259806
602887
437009
626543
-7576
-294866
-904891
-862578
-706280
510365
-855906
826592
-485352
-809270
907249
287979
-495070
-146327
-35436
426699
716395
-418545
469815
-876870
918677
477791
781975
298582
355287
962290
-127963
654732
-68568
292017
918295
-848504
-841457
-340507
806354
473684
-289379
-885969
460812
845181
461231
143643
-337033
362815
-45206
391779
-679294
141351
-894565
-278409
449487
-568414
336342
-542634
-44057
334481
-491659
6762
218353
123075
-233314
-24614
-10571
-300118
-237453
920362
379628
-280848
13484
297010
-504555
-71136
-670509
232240
-8213
418840
-728369
-298242
491050
416452
874905
516561
540186
326806
528431
-610875
680822
-510039
-843936
-302980
-936546
410063
-106635
-353994
-757168
-262525
-547330
277190
874809
22212
538306
-44099
191137
894228
-356100
644812
272953
142264
790160
939922
-234449
-275601
-854102
955549
848636
670273
-274294
294088
-316278
278643
679250
8555
-384269
845954
-134161
185241
725672
537700
895719
-913408
224312
-694411
796438
-955274
-194152
-259216
-213533
-746281
375756
-541865
798325
-650457
726157
-29791
-227995
937726
-65767
419701
-901952
-432278
362651
522430
-856985
-923465
-874031
-239245
-895419
69599
960081
-681374
-423607
-21435
452218
-432911
-758406
259292
143232
724568
165153
228435
-572156
651237
-32193
804053
-733625
-57397
-909506
-631026
-269033
678071
-765664
317887
-507919
-316896
-692225
692998
-298863
836265
-127428
272953
178396
304877
-897385
312755
252370
-519349
238704
-745982
920678
984838
690474
-571781
87472
-747865
-659068
-987697
888158
46411
-50400
-228386
28419
661795
-294623
-11336
915708
-480359
-692802
-237146
806862
51721
-7799
-650438
-672057
-832294
-244784
14596
34993
-996620
114822
649927
-71026
774542
595350
235311
895132
739099
-140222
843973
-92052
-738191
-156373
-403067
933316
847884
-575294
-711240
-619130
276060
-491404
-272126
-568508
95994
389790
-755569
-177933
956018
-456113
-997934
843697
786730
152943
236636
-242461
-188451
106303
-655415
-193232
631727
-999901
786093
503364
-986138
-248375
54173
-741074
-852918
268420
-836067
667498
-803002
684141
83514
635806
-895718
848041
-767297
428058
-522510
876374
-661765
974626
749762
-264438
-289747
935508
-289763
72990
-717265
264129
241206
947278
899300
-875241
-826607
-921869
32452
570965
429940
808008
841589
-447761
-897773
-522731
-37393
951096
476263
-210029
-24854
729428
-142364
-592573
-818673
323666
431058
-682562
-199231
-8029
237631
971521
829837
261312
356045
971461
792894
-535683
-29168
308109
-574045
-647899
190185
304349
-539326
-873007
970181
-831109
-708648
-458704
319935
537737
-811555
265700
210235
-464934
-707418
-839365
871111
-905999
-88029
749173
-295083
-81400
802344
-765042
670032
364809
-931306
-175349
-441139
586642
-629030
-751740
169149
-94329
404153
911079
-299099
805957
663019
818720
297830
102634
267716
-916788
-58710
612975
817507
-538083
621515
581685
-482331
558936
-887391
-930965
-832365
-588567
-279543
-950417
-435986
129261
-672092
783854
-33866
-896685
430048
337644
446706
164327
-54705
-628448
-180004
955774
-790230
702886
804520
581355
-371981
630291
89426
729795
721862
799129
-903824
-999058
453830
-116551
-673352
-989454
-508509
763961
-342683
-624938
412798
-605174
964207
-436606
818709
-539444
774280
107696
565794
-481774
677250
76895
-706159
-443870
-679149
-530861
-332263
-311532
-460274
-29221
840798
-922838
