-41308
602424
923387
-484679
479467
844780
177079
-567146
362231
-660021
542405
384711
-397064
3154
669823
319073
849334
999130
604117
296491
-27056
613823
510158
216521
893208
909102
896476
434900
-113582
-600646
223169
367248
71665
-752890
-217524
265327
688124
148913
-908634
12158
-438547
341634
-690605
210961
-905327
-674000
838777
618106
-737269
17748
256747
-882563
-892951
-94236
-750413
-869010
-125849
-757846
-599143
915646
862863
-618281
-745324
446850
639075
692123
-316739
-139827
955165
-800501
-793563
-904337
117771
-435911
-608477
-691593
-240794
-406899
-116475
-117726
-544005
-299281
235476
45728
-598139
793805
182304
-520386
869328
-616691
252966
-990888
631872
-163206
-32188
-506430
547215
60075
-525804
-592477
918952
-266217
-886204
-895042
407733
-628622
-127281
-777473
714118
696485
240739
-101099
-778541
101182
246318
145758
-716692
299612
442741
-235621
541426
-728307
-665219
937341
29344
437290
-902473
554602
991303
279408
-348376
-699611
657489
-228883
-827736
752196
-964287
-397415
-69646
-280361
748644
325447
316384
290238
-624235
285682
-149401
506291
214839
-155710
-605012
650820
273542
689930
215071
-157598
752939
521180
-663606
-748144
438210
73593
-932869
399216
138993
398351
-288719
-337576
17555
624347
180092
-559799
-659321
-88999
-844640
-59349
-602576
848324
794404
-819241
281993
-264725
-920893
-250169
79288
-555924
-177544
176846
446042
659420
273192
-791133
367041
795002
-92108
651473
176365
-929765
552816
646546
980085
-616586
980375
727815
-58504
494595
576170
-551872
90285
-192075
-351582
268355
686276
926117
-664059
-844364
333259
238853
852875
414182
186881
159470
-831709
908051
-888289
417925
660228
-297118
421790
-804180
-469660
-597050
-312988
-446023
-722695
152748
-27401
382480
56756
-269385
-647545
207802
982259
-946830
825572
376242
-241011
495061
404749
208119
-239702
108056
556993
-727387
233573
-100259
-897444
323869
-199479
-695120
454810
60
639181
359380
-973308
-808727
898934
395623
777093
-726764
-30292
123095
-364656
-629649
-926899
520047
-306977
-961844
502591
-468611
821005
163494
586441
-58678
-355654
325951
-877072
-640093
743110
875088
-815910
-811538
397424
-621275
-208334
583160
946923
892650
-372017
-793014
-538810
885869
-142730
918606
398360
-248479
902917
378212
706591
-323382
-822225
901516
-662218
566193
-933578
-547225
951746
914669
-563583
-855373
-621279
-975418
577402
728858
-179752
385347
618603
764842
-942769
782342
921133
-130797
-176218
614663
301536
788418
-55863
307284
727916
455997
-500757
-8233
700154
107200
969933
-522941
914941
92238
310233
-795442
346410
-929735
-641771
306467
609106
-24749
366759
-298473
-480194
-435872
-612880
296851
-326208
983034
930954
377366
-526228
356239
444860
-156562
337378
649970
805571
647443
287834
224222
577959
-737512
977538
-687605
-968665
-455941
-187373
338871
701287
932880
-491072
925906
406368
712015
-573697
-779173
-934360
993813
-390140
-292574
824379
-969717
-581018
476321
317877
-529096
204528
559709
-464158
517581
25795
248240
-37736
-600260
29696
-889861
-913908
-544976
260718
-574965
-310812
465828
515596
318629
988594
-355362
-260873
156925
-886778
713022
48767
239818
-176409
-49454
231844
-950763
-145375
572775
334432
482027
320804
-246042
570977
-406308
818408
-419798
240431
592699
872138
-13184
158682
-491729
-9958
51111
108753
-49613
-570942
-264659
961917
-876409
-418513
52940
617259
-515182
642291
-938679
334664
749046
605359
680035
887388
-183730
-947645
-467361
-787871
-601692
-48949
965978
648246
-155506
365319
189725
-470341
-837067
-431911
69206
-945728
-812230
525076
-584925
-467030
-863091
900904
-454857
643876
-231819
-781870
730469
-463935
482288
-528496
-225028
321762
842912
140508
783431
-960709
-78383
-173682
-980492
-982841
141191
-206648
-471276
160181
-325980
-27050
427862
-878146
984844
277073
362985
178346
527364
-407487
803334
197029
-670835
-891042
-819949
424920
68675
69373
-69416
506599
467124
-899665
785734
144444
-869756
275146
-731920
-636833
-74896
667621
-137776
-690381
-929764
-293625
165179
-705346
965285
-590480
-76842
242186
695224
582233
122727
192827
-782809
-115190
584742
-746631
-410725
213332
734862
-959872
423736
692244
509846
677508
531953
924139
-479332
-896076
248876
869684
-935068
649433
332360
805748
921564
679519
868291
836311
573333
985910
-733239
-201967
-746925
459862
88051
-515388
233893
-916359
-728286
-469314
-881405
-4457
-541104
-156756
-955731
158888
743526
268421
-979133
241546
-17844
950821
536799
-740368
-974141
-844375
-168185
-9009
-519823
-548946
-258167
70403
-860600
891595
714147
-677299
-37177
692739
274081
-450239
325214
701834
-534884
482515
496310
-945838
740568
-364925
778547
760890
-482674
-324846
912548
16533
-892256
-948577
-464912
-731546
-625847
-706097
372806
-261433
-296757
279754
206343
387638
682313
-606813
603007
-145928
-132351
186132
-370326
-220877
646775
276598
934218
-215990
-737936
-209129
394681
-112250
451020
-884509
970922
-64466
413220
-262729
-219803
62329
-873046
882388
663302
-138883
716173
304437
255505
-691549
-601025
-328520
909271
-269797
-859486
518325
-708359
878214
498722
150891
766095
397537
139142
-829253
-14201
-849521
-950074
131107
237515
-370370
-962804
-413374
-721224
-866214
-529424
742460
-410242
-126753
489313
455095
-101724
674569
960643
-203441
-766156
32511
-370726
-148436
-24697
351664
345488
111805
433287
21730
-239022
-696497
934749
-746580
-113146
-203311
-194528
697947
-84713
-295713
-335390
-369491
115372
337218
861477
-735448
697949
811623
810057
-829328
15280
440667
867335
-793372
265227
851005
158716
-429509
-614528
-115806
-196186
143261
129894
-643439
-487068
-182384
465552
-889705
520508
180057
-236004
-674291
752766
542101
218557
-244484
-987838
147353
188194
-86156
592661
521996
415595
-13110
-995604
404915
805684
411447
933276
-715335
-984188
-269077
-722183
-949895
948414
485954
548752
-287997
148803
-929481
801871
911262
395545
599612
-680621
-457884
-321164
-490611
-924962
-450476
945723
-175990
120594
184686
-102520
-137245
108737
443513
-830840
41774
504232
-53207
-655292
-197128
878571
-97644
-595291
-643682
215084
-62369
-807692
-162419
966184
-795035
909015
38821
104019
-896031
85183
-736629
-39313
-210657
23444
-389745
898641
-990753
-617675
187744
668143
-985500
-423322
959368
-894591
541259
-837701
-831449
-410603
913383
948739
772940
-16667
-621972
559386
-638398
-848149
-211924
307797
752502
16372
-214169
161503
-393380
-774980
303485
-40891
866040
-590433
-643426
965402
-897628
9770
-340538
789482
-237465
-410429
100064
156247
738716
-590757
-104589
538570
514343
630523
-28410
-83987
-193001
993063
-231270
432471
816600
-817658
762452
987894
-473841
964291
-430675
117764
-55848
336594
-772644
565427
-551608
737173
750002
7022
-418867
-243309
16585
936287
-272859
-660678
-509143
-164459
415296
728347
-625478
-623999
-933687
285274
369918
478667
-705591
-903152
53295
-891000
920119
105230
640754
-516806
-939400
561613
-472264
-530511
-632775
37543
-128913
129303
-513355
363772
-223925
533036
-860916
639904
-77619
465113
-639868
757930
-79740
-704242
758960
224462
459292
-407165
116658
-106859
614140
680439
789727
431921
-870714
-323162
-227751
-129905
657992
520234
-588155
307985
-615472
-364104
590659
-398835
-637367
-462101
-75382
-37613
657701
-226930
-796221
-654032
-272876
424022
902263
809457
-754062
470286
-103801
492372
657021
239098
986953
387740
137720
511325
567569
-889612
