869992
-382149
-98034
-995205
-718253
-429005
167252
806977
879942
-369731
572850
-817224
483940
225816
-902797
-45167
-945358
-96895
-518057
-296666
572179
184379
636695
-497392
284087
63764
-856470
338166
-705913
-369726
-316516
59966
953620
221670
285042
-608719
-582434
445999
391973
12959
17803
472229
64983
-586023
-655847
-705689
990152
-564255
-263703
942077
287649
-82806
955339
-577864
453590
964945
878823
652219
426352
388272
388431
726929
-31614
959592
-137371
-689775
-139280
91427
-899888
572326
822373
570495
158539
413245
-46328
542452
-566491
-705477
-369462
566810
-911014
-152065
449273
-160664
334552
527282
-838868
658721
468689
-695702
-46067
-792779
536237
-2584
-753563
365767
367553
937313
-434330
350765
457284
991972
622057
-213894
588144
-784943
443565
-498353
-692904
-786984
857007
-753860
275333
-80761
-233590
570759
964964
-600534
534264
543147
-622388
862628
-825607
593814
-472620
-389986
386320
-60101
-534757
799032
-434633
864580
-152914
-761034
-933384
-312648
7769
-146282
753234
671181
659104
-47038
-604499
626973
-198028
-356307
622629
120966
627974
411416
-117041
-538963
-561261
-638528
-662795
-548192
204123
-829600
195423
-192140
-968959
140235
267497
659290
-806831
197696
87464
6420
-691315
208387
687219
-245462
355591
-363777
-289653
584041
-903057
-812420
670312
-281048
-72050
-785658
954627
596647
725131
346561
870182
-680441
718829
375934
-528868
-348351
-790819
359651
-874164
-789540
104534
708572
-731795
-881075
885163
597123
-645237
459882
108373
-588768
339689
-600177
458925
271178
502380
322492
115296
395323
336374
-316253
579906
353763
517881
-39315
-413434
-823815
355675
-4379
770056
-403598
-307486
825205
-852694
53164
-76227
461283
156847
-474639
-236559
-900620
401857
-597064
378543
421573
137731
-700618
-309415
965832
-837865
-382572
253036
825155
143241
-439754
161105
13925
839585
-430073
438877
275166
-801168
671167
-355670
118763
-745970
833365
14798
-653422
-677639
-451052
358851
805686
-110649
-261629
409311
613466
219393
-742590
185321
-888013
569407
-448163
-883542
991208
495267
741007
705093
-880360
-122362
244423
-916753
-721859
407251
-438170
48692
630500
-71324
450017
220909
-146265
-501072
-359754
713708
-133955
-96514
-929122
727557
-313299
-672596
328776
-822304
-627345
506399
-714863
-776666
-979971
286221
-423247
-317155
-725095
639038
914592
-639098
-362980
812346
46512
389441
765371
207163
-165481
92277
217000
-30090
-866432
-83359
83776
-715830
951239
-668764
783693
898133
59035
-64249
-254643
-48670
837751
-266066
-452566
119970
-370575
-652078
-208391
-70036
518017
-389649
907587
180478
510884
-651101
242344
-294474
-621547
118124
-122358
613741
-833013
-138045
40120
-617867
-587482
-198973
-206923
572669
-607606
922424
-213238
-594340
896579
-160245
147367
643681
885631
-183102
348377
-538855
-817524
369570
-972750
647312
470028
851442
-245695
-501747
-837889
-59401
-33803
838933
-329175
-229060
702060
218121
744842
-633256
859329
653410
-704357
58595
-470157
-14819
582655
46767
-593711
-555317
560902
316706
939397
-547409
596997
-50375
509909
827817
-502702
155154
-180764
643623
183244
-243173
1947
-547238
-474729
166571
358250
-564027
209884
295049
618841
-674761
-65778
-769280
15868
300025
769379
908765
875785
-629292
971383
-95180
77036
223705
208603
149407
-461665
361970
929015
702126
-532350
541793
-820507
307977
803202
360326
-190693
329641
200668
4190
612325
21594
680681
-282107
-210618
-854760
977083
-268792
360965
419325
690648
268551
-207924
861730
82129
-738811
-489280
971383
540202
-298000
-238399
584986
-943615
341540
-828684
283332
-677305
-909317
-651535
-762881
-963172
-129688
-129804
417901
327670
-893167
21011
-135951
-893949
