482860
315728
31040
15420
13395
12488
14106
12824
12649
650579
31526
15806
15184
14392
10298
20106
9251
8599
11065
8464
10504
9512
8926
9958
8479
11376
11391
10719
10127
9532
10614
11316
13064
14428
11005
10850
11420
10559
9942
10749
10835
11095
10248
11526
10644
11226
11155
11270
10705
10719
10954
10914
10509
10970
11331
11405
11210
11461
11365
13170
13586
11953
11957
13275
13761
13135
12459
12058
12974
11331
11681
11826
12824
11917
12388
12669
12227
12333
12368
13295
12618
13079
13681
13034
13080
13385
12879
12238
13400
12313
14137
12614
13711
12684
13441
13876
14984
13030
13320
12509
15831
13581
12909
12834
14728
13180
13555
13330
15551
14994
14577
17564
13791
13877
14037
15299
14393
14904
14813
14312
16517
14377
14077
17144
15099
16277
14112
15595
16177
15560
14589
14337
17078
15260
14162
16557
13486
14688
15895
28519
17309
15695
15610
16232
14853
15926
15525
16492
15900
15736
14518
17214
16507
17104
16497
16883
20486
17941
15956
15706
17660
17780
14974
17975
16648
16984
16186
16422
18457
17670
16994
16217
16518
16953
15094
17634
17309
19294
19710
19029
19955
16969
15239
17760
17144
17995
17780
17149
18231
18481
13762
11667
14924
20370
17429
19799
18342
16332
19043
19619
20481
17559
20000
20120
20501
19810
21022
17669
18286
18376
18963
19283
20145
21078
18191
17214
21177
20651
20762
20972
20441
20621
17800
22160
18592
20165
20977
19273
22516
18131
19534
19057
20030
20091
19399
21549
19945
20622
20591
19373
18642
20957
22916
17916
22831
21318
18703
20982
23132
21173
20391
21955
24611
20016
22621
21839
19500
22857
20727
19564
22245
21238
23293
23107
19189
19303
24024
22891
26971
21663
23217
23929
20682
20351
18466
23112
20541
18668
23779
22240
25216
23939
23839
23117
21593
25252
20927
22587
25688
25969
21032
20411
61178
21617
20165
22121
24787
21569
18858
17055
16256
19853
19653
23730
19938
22187
22370
21284
21965
19235
17583
22311
18710
21704
18749
20383
23609
23337
19452
19436
19120
17567
22143
22816
21328
20469
23128
23726
18843
22767
24476
22227
23261
24632
24215
26941
24367
25273
25859
24443
22455
24222
23488
22318
25887
20991
24403
22647
23401
19809
22530
18984
21132
23349
21429
19428
25569
21324
21280
21760
22066
23122
21717
26175
29218
27606
25229
28135
28196
25525
27914
28994
29983
29198
27903
27088
26745
23072
28300
21231
21127
23432
26247
26424
29362
29751
25445
29948
28369
30213
24869
24339
22944
30553
25491
42120
32513
24335
24808
27888
27939
25650
26932
28255
23833
25061
24944
25983
24506
22531
25637
23007
21613
23228
24640
21974
23649
27582
25274
25567
29281
24812
23457
26103
22968
28617
26135
26397
24043
24058
26797
23198
27390
28540
30081
30429
28968
28019
28548
26677
31070
27806
27654
30963
31579
26612
26777
24202
26356
27302
26756
25462
24703
24856
31599
23545
26552
27872
29029
26808
31414
24406
27955
30296
30124
29311
30701
27154
24190
26533
23533
25036
25606
31980
31771
27510
28770
30488
37685
26884
27623
28380
24223
25766
30477
24928
25217
25172
47014
29374
34105
26749
27638
29659
28540
25225
21203
22358
25911
31920
29302
28091
20603
23012
25226
20497
37238
27522
26969
26236
28804
25782
26283
28532
23381
31523
27421
27747
36403
32946
28519
33283
28761
27137
22647
26259
31743
30789
31868
29314
33727
32597
30562
35187
41008
28837
32013
27838
33339
30325
34558
40698
27386
25301
28072
30577
26143
35456
28548
28902
31727
36379
32697
26516
27882
23468
32637
33616
27255
29302
34180
35380
28745
33407
35505
34495
32081
35592
37429
29559
27855
31828
34984
25759
32790
31740
33620
31330
31122
32152
33948
33652
35629
26604
29530
26720
32256
29102
27537
29723
23308
23513
28853
27241
27975
28825
28934
25694
31219
32566
31476
26391
32623
29000
34835
32637
25810
25272
27270
30621
31338
29326
29427
30104
30457
27466
36271
34759
30124
30063
32521
29258
29618
32505
35709
27013
31944
31732
26168
33796
29438
35982
36494
29446
30116
34322
31195
39092
21637
27582
27081
26287
30408
36603
39529
26609
32277
34008
35279
34839
29651
39506
29466
37533
33071
26961
31861
36627
32645
74540
37108
28906
32441
33523
28825
34198
27451
35592
32437
34222
30685
34747
36194
26010
37601
35868
31431
38807
36655
36735
32241
31648
35945
42784
56648
34898
40147
29851
39750
38671
37557
43506
39634
36719
28291
33540
28404
26347
32177
33243
30930
26968
31992
32362
26733
25229
28315
25217
26831
27522
27779
26480
28058
29490
25598
24091
26684
25366
25859
26748
27910
27799
26869
27914
26753
26059
24564
29402
24395
26408
26131
26163
28914
26588
26006
25951
26002
27065
28180
29570
25141
29502
30019
29386
41353
42700
29382
30224
25550
28300
30212
28060
26761
26108
27414
27261
28576
28163
25971
26585
27242
29406
25293
29852
28658
27277
26015
30660
30301
28833
27317
25197
28585
29158
28035
30389
30336
29912
28448
25758
31222
31639
30176
31800
26547
25523
27811
26680
25882
32129
30384
30764
29872
29118
25986
31720
32048
30445
34751
31283
29293
31639
28588
26600
29054
32525
28818
29675
30008
28985
28861
29635
31014
27118
29639
31298
29583
27366
28893
45446
29739
27959
27518
30469
29567
27058
29551
33246
27675
32907
30075
30986
27291
30269
27570
30064
29659
30272
28909
33247
27670
28020
28174
29593
24786
26229
30642
24983
29360
25176
25034
26476
31897
30874
30462
27753
26066
29805
26005
25404
27451
29042
30959
28144
27623
28404
27033
25855
29210
28124
30990
26621
26350
31769
25658
28616
27722
31077
27891
27251
28834
29015
31344
26864
28390
30659
30599
31001
28701
28417
28167
32259
28097
30315
31748
26299
31725
32416
27495
32364
28150
29449
29979
30910
26638
31014
27595
31849
31729
29422
28036
28512
29620
32526
28504
27371
27867
28972
31100
32078
27637
27812
26763
30669
31302
31394
27593
26724
29970
26918
33011
30505
32339
28238
26853
31928
28738
28584
28086
36128
40304
40601
37591
42556
37190
43160
33615
44281
1143290
54860
43038
56437
47591
41798
52104
50139
49632
44250
48556
45383
52104
53747
53174
64609
38159
40284
38560
39478
48413
47476
39351
49081
42583
44777
50924
43855
42329
47683
44724
47471
88797
49359
42703
46267
44330
53076
52926
56885
43210
51804
49141
52739
54607
49956
70195
55489
51673
53478
52629
44143
26238
