8198
12669
9317
8315
8748
8379
8254
8527
8069
8049
8476
8811
8459
8579
8299
8731
8815
8744
8735
8828
8575
9204
9140
8892
9119
8941
9136
9618
10565
9330
9048
10407
11202
10548
9803
9642
9987
10095
9863
9885
10415
9858
10103
10099
9661
10495
10179
12308
12722
12344
11734
11942
12472
12869
12407
12188
12520
12052
12704
14023
13567
13278
10789
10966
10816
10645
13451
14681
16408
12481
13911
14140
11129
10475
10339
10949
12268
12272
11229
11542
73539
12714
13029
13796
12563
13124
13344
14152
12909
13471
13726
12448
12553
13080
13540
13130
12648
12453
13826
13004
13921
14703
14312
14348
13876
14543
13921
15546
14016
14923
15285
14799
16046
15264
14257
13611
15480
15139
14393
15580
14322
14197
15299
15200
15540
15420
15184
16381
15254
15605
15560
16747
14543
15535
16101
15089
15750
16352
15831
14413
17199
14633
15746
16227
17228
13776
15224
17208
17294
14467
16697
16482
16949
14773
16267
17876
17134
18422
18216
15630
18251
17334
18100
15791
16106
17178
16577
17164
17063
18031
15565
17635
17841
15515
18251
17019
18732
18723
18141
17083
16632
19935
18347
17720
18687
17960
19554
16186
19068
18496
16352
18296
17053
18577
18686
19704
20727
19980
19664
18506
18151
18201
18587
18301
18712
18863
18532
19890
20882
26510
19474
17149
19800
17434
21293
33630
24726
21438
22361
24220
20406
19293
18081
19900
19629
22130
18146
21108
19288
22090
21795
21404
21082
20666
19379
21338
21955
20862
21949
23203
21378
20426
20010
22515
22771
20215
22866
22200
22591
23563
20306
19804
19905
20736
20140
20070
23929
19469
19133
20582
19389
22842
23397
19990
24891
24390
19373
20391
25388
24711
23253
23854
20155
20637
23734
23247
20571
20306
22591
22816
22832
25207
21944
24210
26099
24435
24164
23052
24675
24255
21673
26144
25833
24996
25017
22777
24986
25874
22401
20502
23358
20977
24560
24741
24225
25057
21999
25924
25778
24150
22591
25708
22876
26324
21999
24085
27998
23869
24836
26079
21253
22937
21524
22931
48707
22266
21841
21300
19860
21468
18205
20161
22013
21091
18638
17723
18033
19163
21769
20538
21652
22406
22398
22146
20686
22455
20650
22286
20253
18867
21925
24264
21516
18626
23645
18775
22230
20349
20426
20823
18982
22033
18967
21960
22467
24736
24135
23806
23726
20759
20606
21629
20109
22787
23518
20999
23140
20619
21824
24359
20205
24708
23509
24194
19524
24905
21997
21415
26034
20162
20519
24676
20110
22784
21048
22154
20543
24026
23854
20639
20258
24415
22764
20872
23929
26404
20205
20245
26099
25477
26448
22876
26840
21609
20390
23762
25577
25982
20338
22326
26420
23557
26243
25462
24339
20707
20867
25156
24094
23826
24531
27502
26479
25975
27493
20924
24728
20900
26632
39954
15603776
47193
30188
27474
26493
22133
24755
28334
28959
21685
21488
27849
26688
20550
19617
23353
23052
24666
23693
26770
20847
24682
27084
22381
24485
24084
25090
27735
22625
26015
22293
52044
23875
26463
23901
28818
26743
25825
27757
22574
28882
22273
29113
28856
28621
28027
27779
22163
29453
29794
23028
25367
27545
26360
26179
29263
24593
27439
30082
28348
27505
24054
26700
25041
24378
23756
25892
28039
26192
27746
26719
23694
30079
25451
28246
29640
26576
22588
24656
28527
28442
28992
27505
30669
29898
28208
26760
24586
26846
26343
27124
25599
26885
29156
23309
28167
28474
27193
25785
24218
27619
24819
23497
29978
29586
28060
25640
31114
28548
26607
28030
27479
25213
30830
29106
24976
26937
30642
24884
26824
25183
32660
30592
28112
29851
24962
31333
26556
25283
58750
23609
29958
31538
28908
27081
25344
25331
27148
24853
27722
24722
26530
26567
30439
25814
26413
26046
28818
26329
30849
29296
30769
25752
25695
28808
26587
34521
29694
31955
24869
29333
29823
30836
29059
32593
31231
26800
25247
28251
30533
25498
29908
28401
31244
25030
31858
28274
26921
29333
32376
27522
25668
24840
28598
27168
30425
24542
24686
26760
22889
34933
32965
26323
26808
29192
29629
30411
32316
25170
33047
28478
30860
28051
26433
25351
27612
25438
42599
28237
33078
27395
35056
33238
28645
28377
39028
41617
36298
35587
31535
34197
66613
37357
29911
38202
33275
28921
35019
32554
33272
30635
36599
27639
35162
33252
36532
40502
34350
30405
31728
28514
26941
36231
36128
36182
34815
27892
35006
32006
44518
34815
37117
34467
30465
37898
29940
33142
27880
30302
26814
27753
36596
28524
34608
35317
32296
36245
34611
30232
34913
30255
30219
36796
28835
31307
36392
29821
30037
34919
33693
36535
30837
32667
30415
34678
27519
31825
27014
29133
33194
33920
31508
34424
37100
28497
31368
31067
30626
34194
31949
36632
44464
41581
35089
37123
31411
35196
31711
29350
29316
29299
37298
35748
37495
32239
30843
30506
36111
37738
34909
31458
33976
29569
36883
32827
35904
32530
38396
32125
35303
39529
31741
37328
29974
33529
36890
38443
33967
36616
35413
39894
36402
40307
37288
39315
32246
34040
33051
38753
32885
30572
36984
30185
35681
28364
31695
36305
33589
31996
39296
37294
37481
35216
33011
37278
36081
37060
35299
36105
35299
40300
30566
36352
36014
37842
30258
30750
36833
37642
30352
38621
35190
39987
35033
36087
30843
32080
29815
37241
28969
31895
36101
33442
36393
32938
30800
35252
32997
30052
35034
37536
34498
33283
31674
35913
35253
30571
31361
35937
34506
36053
31698
30559
36491
31761
35643
32670
29828
29135
32061
38588
34798
29011
33930
34215
38206
29621
33100
32561
32856
29796
31222
30538
38160
34865
34409
37375
31803
33922
29933
30889
36439
31137
40727
39895
32897
36949
33933
34045
38388
32545
31453
40961
31385
34959
36258
38829
35860
40678
34162
37003
40226
37296
35884
29501
31340
41691
36651
38639
34450
38790
31604
34702
29661
30912
36422
35267
35964
35352
33553
40579
30773
31904
41688
37663
35145
32425
27665
40699
31413
38358
31826
41494
30741
40427
32811
35211
41239
42481
40368
36517
39422
33756
32061
31335
42892
33462
43397
37169
33277
34887
32350
37823
41718
41081
41588
34822
41381
38644
33138
36124
42710
33541
37095
37851
43185
41325
34985
32315
38273
36703
38701
35643
32233
37155
37327
36442
39391
34999
41763
36025
39601
42022
41350
44971
54205
43778
37722
34240
40897
35053
32545
38631
38006
36536
40025
36914
32903
36864
41915
42152
45428
35584
46292
40275
36885
35841
38503
32540
32954
45196
42268
35547
43965
38281
46716
41911
35308
34309
36052
34312
45941
35495
32085
36870
42940
41065
33358
30125
37805
40812
44358
45629
43541
40314
43954
37530
37372
43078
43658
43166
40096
44243
36640
34779
39589
37415
41465
33147
40780
32858
35998
45983
46133
40502
40755
43205
46163
34884
42608
35057
37848
42791
44578
41162
31818
37731
35036
37270
44976
37330
36843
37198
40818
36348
40509
42035
39769
33991
44264
37539
35545
34747
38115
41946
45282
39669
40223
38289
36064
32207
40005
35718
42848
41969
42614
41442
33215
44259
36718
42962
39887
38132
34730
42966
32402
39819
36145
34105
42650
36695
46975
43083
43693
35170
38962
33965
44526
33470
44595
39495
36442
35205
31955
42676
40867
42123
37155
41789
44952
42292
40293
43893
41385
35849
41238
33622
44990
35454
39289
34941
45465
33811
46301
35351
37284
42652
41248
46931
42616
35105
38203
41731
36794
43850
39385
34524
47618
53240
47976
45116
38227
47965
41390
34879
34650
41963
39644
43658
35494
48043
37055
40761
43051
47240
38177
35174
44185
45525
35271
41508
44869
34315
39335
44804
43063
44266
37421
33891
43200
47571
39280
34126
46073
43792
38123
35426
40998
34890
46983
45871
40222
35601
45995
47550
47778
37725
39186
39560
42020
42267
48186
45861
35240
39478
47644
35475
38979
47879
35520
34435
47625
39469
42459
38063
49727
41972
45537
39440
47541
45097
40723
37745
40592
45720
47490
49823
59943
77968
77365
43608
42507
41081
45430
35185
36144
37072
38634
47074
37075
38114
57443
76154
38920
39411
39780
38702
37983
40409
49045
44423
48738
53305
42541
48065
43304
47522
48764
45291
69180
39470
36206
44355
33136
53398
57819
49066
36763
45977
41388
52512
58364
50672
54169
48426
30564
32874
38411
34267
32501
43270
37930
42616
43586
44041
42543
33402
34759
38824
42942
35227
40100
40166
32332
38098
42737
36978
41352
46382
39261
46672
45307
45490
45305
40699
42630
37693
39384
40420
39434
33291
35110
42328
39274
45797
45989
47785
37081
48649
37419
35074
48174
42465
35886
47234
34263
33728
39338
55159
42852
43923
46637
42650
40133
42855
40022
41430
43315
39119
39860
39950
39131
35492
43604
42508
37955
46269
46019
34084
34553
36748
43503
38025
41887
38772
35069
39521
48198
36539
48590
48018
71765
38662
41487
45946
40501
32933
48238
47405
44435
38381
42583
41255
53141
36988
39500
38598
37361
40805
39149
48509
43691
39260
36011
42483
36783
47055
42639
34081
45327
45000
45127
48517
41334
48187
54414
45691
44431
43225
37701
44111
41276
49122
47406
41977
43679
46643
46774
36897
47274
50607
41425
49106
49405
48161
42479
38444
39118
38120
41080
50223
40043
47861
41834
49058
49367
46671
47281
41928
35550
42293
48537
43431
44012
40815
46691
41741
35603
39592
41597
37453
38355
40709
43873
51504
39922
49364
38638
41995
45088
44245
47527
54345
52768
39951
41019
46502
50266
43430
42280
43876
72088
43526
36465
41391
44691
49063
46630
40100
48782
39377
49609
43122
35247
44718
36164
46425
44398
39512
41964
42411
34866
39900
46976
48246
42038
42115
36512
47639
55487
46455
37625
35731
46971
49459
39749
41315
45983
48644
43706
37760
45966
43248
37131
49684
48670
39729
36011
54363
52662
41980
45966
51927
41718
48489
39824
36768
45239
35620
43851
39880
37104
48627
36971
38647
38976
52120
41709
40220
53078
48680
39539
40547
54703
54368
41160
40220
47863
47266
52095
53077
48329
46698
44630
44325
53416
49118
47763
48852
45062
48625
38191
45793
51599
47076
41120
40817
44809
36801
55766
56266
55718
54962
38514
43696
39446
39943
46903
50359
44846
46583
42138
52110
40944
50120
50309
39897
46001
45998
42702
51116
45515
43280
54665
54413
42682
54870
57089
53521
55846
49730
53335
52436
43751
37597
51737
41173
43337
48472
44039
47269
47297
53187
48119
51331
45159
39218
53175
38567
41295
39434
53594
44914
44876
39554
41132
47588
44709
53393
53386
48708
39123
40800
44743
38567
52601
46116
46157
52789
45874
53984
50205
47837
41826
39677
43305
51186
53665
47880
53846
50670
51290
43661
53922
39865
55029
48233
52997
48825
43240
40111
41338
39569
48091
45765
47419
75073
44099
40212
37384
41753
51966
68356
66370
48896
39856
44055
33754
48045
39248
48507
47516
44409
38916
40734
41707
39107
49326
49383
55898
48461
49490
57169
56736
42981
44764
45059
44319
38383
43093
57017
44844
56087
45097
62306
41010
49453
54067
44004
42562
53069
45055
40668
49286
57127
57390
53501
45218
56144
44939
50290
47515
49870
60650
52963
42139
67625
40778
55491
42363
54331
51823
46949
51103
44526
48501
54202
43355
43458
49933
40202
48015
47958
49883
57629
49467
52130
41015
41552
49393
47644
41922
54751
56196
53432
39491
54744
49269
54291
52921
49941
47643
49881
52546
52350
42528
46140
51843
52880
56949
54780
46205
47339
51573
41589
51611
42264
52586
43702
55517
42395
56403
46820
46246
38824
39517
49210
40528
58538
48243
42570
42625
51921
40622
51594
52376
54054
57827
50268
53453
45850
46518
43894
40417
40580
43346
53548
52590
48846
37457
46209
51464
45549
46944
52784
45144
43911
52426
48226
47608
56812
44175
50339
47616
51894
50085
44105
46319
39500
49940
50752
49820
46853
46068
50001
47404
47786
47290
40299
43885
38837
41362
46896
58610
50489
50113
38788
47045
54413
53492
55038
60548
51494
51941
54108
48081
46188
50148
46471
43768
45294
49136
41593
43359
42759
54818
41744
44350
41358
41241
38730
55772
54649
39803
45618
55507
48595
48981
50215
51927
46243
49966
51610
48357
50087
43310
41022
40836
49295
46605
54286
55866
45470
48767
52997
46092
45739
40351
54621
42082
42612
44897
42378
44554
52042
54774
40469
48068
58262
53387
55776
57140
42129
44966
77548
50704
43775
49681
50010
53005
49229
53777
46560
45703
44544
41327
56218
48267
50107
53248
51139
57908
53771
52588
55356
48513
48625
49938
51049
53155
49417
44626
53141
48467
56017
41860
50661
57281
41734
50714
43035
45088
41902
53708
45825
51845
58416
42743
53343
49371
46200
52324
50736
52651
49810
44751
56886
56209
50654
47172
53296
42254
52541
52216
46672
49394
54319
56773
47075
49681
55351
47948
44326
48846
47710
40482
44971
43841
44893
40706
50724
49007
37066
44785
47870
55421
49349
40093
43747
51494
52556
38992
50291
53114
45078
55008
51153
49839
53661
43173
41915
55541
46230
47208
42528
58718
43465
51021
48015
41419
51184
46100
44984
42845
56164
57301
45292
52485
55268
52092
49977
55558
57331
55276
54319
44833
47505
80496
41879
48862
48091
48287
55183
48694
50149
44188
53086
57656
57151
52657
52922
50502
53025
46441
48830
43390
46517
41702
51977
55547
50450
49928
49984
41124
56107
46152
41523
57406
39955
49937
53943
41483
42639
46992
52778
43618
57074
58505
56783
59593
50080
57924
45425
58049
64212
45866
43519
59281
41972
44621
42719
42159
49546
54514
54672
50734
45978
50201
56814
44774
42861
47531
52508
48631
46915
56151
56539
43420
41858
45116
42666
59155
48794
46383
59187
51637
56580
47187
57540
58236
54588
55576
51927
51767
55496
43705
58913
56716
43596
46721
48331
50773
56348
54120
55204
60703
47125
46623
46370
60393
52570
47640
46409
59471
52871
43891
56095
57276
46202
47045
45540
53664
51381
53221
55810
55261
50546
47931
52694
48354
43038
43130
57851
44688
45019
57019
45848
44353
44455
59252
52938
58551
43755
50341
44045
50902
42388
60591
61838
60020
45844
42129
57885
55557
46939
49828
43637
58329
50227
50359
59639
47997
47237
61765
46355
45102
52565
46228
47138
46423
51987
47289
58038
59680
44908
50919
48870
45391
47081
52855
55755
60571
44783
53079
47672
48395
65113
76873
45171
57490
51680
37850
43037
53688
52133
44009
49091
48389
44662
56783
44961
54573
48137
54226
52211
44823
46055
56118
54758
48036
45571
41989
47323
55280
47961
58827
57749
54308
54679
41043
51137
50876
57956
56611
53427
47330
52871
55682
50136
51900
41892
46976
52699
48294
49860
49037
49129
51414
60669
46508
53655
50283
59579
42825
41492
45670
54344
51486
64731
43342
55978
58074
45599
53827
58545
42425
58275
47425
50198
47050
46865
46796
47256
44923
45778
56853
56534
56307
51659
48544
57288
58141
42872
52161
54797
53541
58029
55529
59143
51205
53411
55559
50724
57032
47089
54690
51269
53852
42850
51045
53055
47084
53044
49283
47279
46240
48509
48424
57947
43419
57080
42655
49120
45696
43642
55211
42782
58505
55769
48774
74911
82708
66263
49936
43871
53069
46359
56519
56817
46754
57454
71171
65975
50819
64511
59050
45798
57101
58659
50779
62820
59018
48269
51005
47659
57638
44538
44943
51832
43058
58451
48530
55375
74130
79088
40150
57471
67561
47769
58497
49792
55153
50215
48238
40929
40239
41901
54357
56568
43258
48603
62759
50765
50342
52001
95280
57021
50186
73276
59778
41670
33503
31117
37875
35680
36596
38288
31053
37671
36089
33371
32912
31260
30638
37553
31544
38285
35429
40213
36416
39433
35822
37419
39843
35841
37138
36390
32064
36873
37725
32212
30940
32511
39125
37598
30970
35961
31725
40486
31719
30889
33177
38652
39940
30742
39925
38780
33806
38731
35374
39790
33144
34333
34128
39169
39977
37333
34050
32037
34484
32740
34905
31748
34556
39428
34692
39463
33042
39529
33918
31357
39090
36920
37827
32496
37919
34354
42435
32111
34981
33695
39493
34942
32843
37600
33476
33412
33967
39651
33767
33291
34443
40516
32074
35135
38888
32089
36360
35179
39370
40425
32881
39381
37057
35905
32233
32723
41686
34960
40251
35131
36360
38139
40608
32714
35199
36239
40870
36941
35215
34805
39386
33765
41917
38076
39137
33786
40338
37176
31626
41549
34319
32935
41144
32208
39321
34990
31821
34999
40228
31977
34323
33134
37887
38456
33810
33804
42329
41549
41814
34294
35955
37161
35859
41323
42135
33285
41929
40265
35685
36332
40364
38225
34105
45528
39972
36227
38839
37064
39953
35941
37868
35283
40652
36687
37554
35274
40059
40185
33983
39115
41033
40784
38961
32777
41611
38508
41389
37724
42431
39592
40553
35822
34870
35986
36129
38140
32751
33678
39517
42064
35855
39825
32880
39757
41987
33978
40057
41789
34417
40655
35215
33608
33808
34160
35622
34755
34110
41201
37601
35778
37187
34471
39601
36589
34302
39905
33897
38323
37033
38073
34954
36395
40106
39357
39294
37712
38553
40044
41293
37317
38593
36693
37238
37703
35223
39579
47300
32935
33893
39641
36351
35843
36663
40075
37191
36871
32498
40752
33801
36151
38559
41717
36574
41320
33933
36359
36576
32081
38206
37432
36223
33736
32916
40877
39244
39131
34817
34585
32211
34600
36663
34012
35999
35677
33394
37422
36690
38512
41510
39212
37206
36877
34063
33145
36693
38804
39004
40944
37643
41800
40334
37750
40817
39836
37422
33985
34031
33327
36908
39056
42264
41829
41118
33097
37242
35307
35048
33255
32667
39468
32844
32645
40774
36065
37282
34204
35944
35291
38390
41199
37055
39930
37036
38095
37407
38762
35666
41143
38258
34366
33859
33350
33011
39357
35403
41601
37353
35619
42557
43224
42449
41448
33385
33906
43367
36265
33133
34439
37964
37885
33703
43041
41290
40049
37399
39937
35953
38176
41453
38485
41002
42065
35721
41029
37176
34402
36104
39213
43043
38611
39997
40770
40017
41881
41797
41374
39622
34330
40874
36624
37038
43073
36152
36314
37063
37861
37223
36094
43092
34462
34135
36898
37265
34713
38054
43241
39225
37157
42560
42531
41227
36061
41027
34683
41305
38632
43214
44279
43041
41628
36344
34531
39859
37580
33952
43592
38277
38893
43910
38353
42679
40161
38932
40007
44002
33798
39043
37640
39057
40188
42956
44639
41836
35744
39174
37650
41077
39449
43939
43153
38390
41767
33975
36041
41760
39162
37322
42456
36186
44444
43398
41714
40969
42210
35704
41290
39770
35450
38121
44436
37206
41055
33952
38295
40348
34511
40189
40344
44462
45034
39200
36283
43082
39836
39983
35346
42894
43491
34551
39509
44887
36597
39011
36081
52355
41757
33821
38692
38600
36334
41273
33517
41682
34827
40760
39937
34893
35211
35689
40343
36229
37851
42501
33854
36098
35990
42142
35086
36323
33930
38288
41357
39916
34528
42702
42536
38874
36642
43020
35837
39368
36432
43896
37360
40191
43634
40437
36378
40628
33642
43163
41357
42778
39744
35399
41971
40020
41154
35729
40937
33548
34134
37126
42147
39855
36333
40740
42705
42459
34802
40182
41459
37080
41867
34586
39997
43248
38494
37971
41075
44232
37550
34447
40615
35312
41985
43828
39038
35250
42787
43318
35635
38420
37890
43926
34785
34735
38122
35405
43956
42770
38626
39238
40542
38848
39665
41391
34846
36951
43766
35502
40822
37730
37448
35558
44734
43507
35306
42048
38945
42175
43557
40850
40765
41108
36734
37990
41758
35135
40224
43479
41420
40717
41095
35981
39190
37664
43702
36249
43083
44500
38600
42745
40019
40800
37321
43271
39526
34347
42617
43531
41834
34550
41850
36596
45717
36873
35257
43283
39149
36329
35016
41690
43588
35970
41294
38230
35781
36455
43325
38294
36033
36076
44779
44101
39952
35903
36871
37943
35900
39679
45935
38144
45244
37058
36742
38734
39349
42891
41458
44917
36655
42332
39596
41326
44915
39909
38654
43649
36315
42571
39618
44746
43435
44106
42150
39448
54962
43390
36472
45666
43941
43113
40759
42938
44969
39384
41037
40578
46104
44174
44490
36937
39253
43770
37730
44194
42550
36961
46447
41076
42711
45328
43721
42958
40151
42884
40451
44424
43591
38112
36195
43638
54912
37693
40559
42802
40974
44221
36050
39645
35916
43357
42244
34965
37740
42994
34836
42717
44221
37516
45056
38502
41077
36761
37565
41210
40919
39525
39988
40304
40461
60448
47437
51055
60990
44904
41532
42713
60497
53326
47346
66332
91009
78998
64114
74237
64485
43428
41622
44109
41214
37213
42355
39751
41493
38683
40657
43637
40336
42476
41264
44752
36670
42024
41424
38742
34633
35929
40615
44176
38313
44333
35072
45904
48254
44868
44552
45826
44028
44724
36968
36856
38058
35764
36468
35929
36462
38033
42672
37162
40327
35078
36711
45063
35424
40818
37903
36543
40311
37342
42981
41855
36604
37571
38285
45137
36482
36606
38920
44906
35643
35314
35453
42789
36290
44891
37362
44758
36279
37554
42784
39426
42062
37908
37035
38969
44259
42507
36572
39784
44832
45000
40959
46448
46494
45169
37573
42487
39652
41737
41159
36627
46076
45779
40500
43324
35557
39252
37628
44831
35888
38003
43929
41152
41599
42394
39751
37719
44451
46167
39221
40767
44655
46698
42532
46592
44340
40806
39058
41927
44692
42737
36240
37555
46363
39845
36316
44657
41667
38295
46028
44674
36333
36600
40154
47469
39875
44502
44297
44750
41090
42571
38050
36226
43751
46409
46620
39187
36279
43880
47111
51356
40048
46061
38540
43770
39127
38616
42956
42600
46208
47005
39795
44572
40811
36329
39931
45521
44033
45466
42992
36971
45526
37303
43759
41250
42288
46629
67332
41727
43504
39033
39869
37643
44421
41220
39715
45604
44164
40937
36210
40991
38875
39944
44494
36449
40940
40654
44691
41544
40671
39329
45408
40035
43898
43465
38546
40251
42792
35958
43838
39488
39964
35465
45937
38260
43525
36825
44766
35626
40986
37203
37797
37212
41990
39416
35459
40876
42031
38148
38173
43588
38011
42308
39797
44537
43447
43194
40164
41933
41662
46397
38410
41112
44445
44609
35973
37983
39362
40268
42828
36750
43389
38884
40623
58113
39749
44216
38739
44961
37301
43937
45009
42489
41405
42556
47146
39074
40217
45781
37042
44043
39481
41554
36475
44579
47113
46745
44240
43917
37819
40863
43806
45487
45339
43683
44031
36674
40280
36843
40476
40846
38445
44386
43017
40209
11276
44749
40315
42176
42696
43317
46550
38093
36779
40966
38211
45002
39647
42546
37813
37287
47982
37165
47230
45685
47973
44200
47048
45973
38215
39211
41440
38722
47116
46429
36405
36905
41745
45808
40550
52576
43742
45047
41195
41361
40653
44955
43165
43417
40040
37636
36771
39969
38708
46580
41053
42372
41644
44610
42868
48420
46332
39509
44985
44753
44069
41900
40584
39590
46346
48055
39376
43417
43878
42749
52796
37652
39258
41849
41100
45905
45836
38018
38763
38130
46704
38263
41539
37273
40996
43701
37150
37046
44039
38131
38495
37170
48460
37661
44355
46185
67776
68837
53415
70993
62713
64284
68046
56445
59681
94979
52137
40751
54537
55680
52500
7178
57356
55860
56712
59764
84604
54652
49990
62350
41843
43233
35902
31460
31431
32331
34663
29742
31239
29731
33612
33602
33428
27453
28280
27955
27750
34219
31561
34764
28158
30229
31844
35889
34294
35750
31276
28368
8847
35142
32945
27952
30213
33172
32927
32798
34628
34718
28534
29773
32125
34816
35016
35970
30686
30286
31820
29777
30084
28223
34435
31416
32636
30033
29998
31620
31115
30754
33560
29281
36704
33700
27938
7365
36504
29022
29174
29736
28133
32458
33863
33298
34394
29202
34682
43082
33307
28178
30730
33589
30002
32173
32127
34681
32772
34562
35553
31324
35220
34987
33565
27870
28214
32835
28517
5119
29701
30442
29048
32555
29706
34588
31883
36239
33568
30430
41963
41826
43977
46467
43714
5583
57063
55362
57168
37424
43799
48237
52479
37461
43039
37020
52199
50126
53399
50315
38039
84815
65850
62753
56288
32266
36757
34876
34085
31270
35574
36082
33888
32482
31953
36957
36121
30910
29080
37258
28603
34247
37095
6053
28879
35518
31512
36800
34101
30167
35052
34161
29605
29187
30071
29378
40223
30907
28917
30588
29708
36646
30932
30669
35663
34258
31212
35653
29344
32943
35056
37674
36694
31291
36350
31385
34960
34618
35077
36496
32111
32502
30266
30933
33382
37686
30288
35122
34529
37398
37522
35724
30869
36276
36991
29396
36063
29117
36441
30973
37713
30880
37599
37619
33265
32803
30457
35912
31439
34585
32075
37648
33913
34866
37380
35729
31482
31946
33544
33969
36660
30300
36960
37937
34967
36892
34095
37081
32946
34472
33848
30553
34478
35828
38418
36882
36880
29059
35833
31353
29417
33363
38069
36888
29720
37233
35675
31323
36234
29577
33458
43060
29469
31629
30793
36286
33523
29767
30189
36448
36171
36020
37438
36449
35648
38182
32845
29575
31203
35365
35880
38524
30163
37463
30413
35160
30871
37025
30922
36358
37242
37034
34423
34008
38864
35622
31129
33935
29423
31352
29801
30229
35372
36762
39735
31411
33917
35543
33154
29514
30680
37539
35595
36151
36701
36624
32000
34647
30319
33089
29983
34076
33542
38140
35679
39219
34199
38465
29845
37118
36238
32173
35391
38031
31389
35334
33697
29709
39027
37919
32458
38387
37237
31955
36326
34208
30712
30011
34899
34457
37194
29911
34852
34651
38741
32668
35438
30129
37103
31287
38522
39043
31277
38765
35028
33669
34903
39516
36937
35451
34032
36463
33280
36195
36078
32105
30706
35801
31702
36874
32896
30327
34678
38261
35841
36138
39232
31600
32709
38281
32067
35344
35757
34707
37692
33631
32515
31486
34369
34487
37637
33708
33868
36874
39531
34176
31279
32448
39149
31860
39050
38265
38136
30451
30913
37828
34187
37835
31693
36547
39625
46057
49357
47285
59240
52122
49991
47079
58953
41580
52084
43261
40662
50159
55954
39957
48021
41698
47691
42072
41919
55916
55660
44052
46562
41663
58726
60144
43103
53724
56737
56150
46570
48411
43233
42120
42680
42424
58761
45528
53717
53581
54061
47180
9300
40739
49276
59216
50716
52691
46732
50653
49624
39325
47924
57241
52395
53232
58391
44231
50076
47730
55058
52846
51276
53615
57063
45508
54895
55359
53548
10282
43846
54251
49738
50080
58806
60670
44959
59036
41412
53375
61891
56847
61741
50033
43327
43955
48738
46180
54551
47465
46004
43191
62226
60968
45107
49621
59628
44340
51173
52566
54647
43141
42730
55553
60152
52078
43599
57176
43789
63242
67107
68741
47752
41944
62530
57110
52915
56721
71385
52079
43830
34198
34364
33126
39269
40749
36030
36889
37662
33332
34881
36051
32556
36430
35850
37095
38242
33776
37813
35078
38597
39967
33331
34450
39816
40641
35728
37794
45012
31940
41019
41110
40029
38960
40268
36952
39650
40230
36261
37750
35153
32765
37697
37456
31914
38012
39350
32025
34803
41499
40793
38411
34586
41731
32233
39438
38651
40978
35201
40574
40583
36516
33898
32343
37168
39167
40657
38318
41351
33920
40902
39265
32027
34211
39329
36816
41420
34070
41582
40574
35859
41520
36662
39017
37777
36243
39277
47535
43563
35752
40378
32785
41378
33850
35949
33720
41936
41978
40532
38971
36296
34476
40320
46492
36489
41792
40472
37090
34969
39293
32623
35493
42100
45102
32813
35512
38934
35101
39569
33939
32042
33431
42260
35537
40468
38740
33812
33681
41461
41362
41190
37867
37505
39779
37386
41350
38338
34551
38331
43121
35713
38645
41025
35267
44068
37023
33297
40470
39756
44167
42386
42859
37075
34238
33549
42501
41766
36678
33847
39009
36967
39471
42921
48088
48438
53775
56439
48775
44883
45705
43487
46891
42268
43042
39628
45980
38843
45440
39134
41426
48795
37534
47677
36655
41908
46155
43058
44820
43798
40282
43395
51162
47333
38897
41925
41601
35767
38273
46637
40333
38129
43417
45313
40380
36799
39912
45758
45518
39027
44256
37384
43831
39678
43203
42360
40121
47149
42767
40914
41773
36468
36430
45271
36543
47016
38541
45906
46984
37218
47919
39073
46904
45269
39883
36761
40623
45234
46179
40048
46699
43947
42388
50032
43959
39456
36636
45214
45096
39595
45412
43994
39463
40443
41486
46358
38082
45502
41105
38203
46269
40718
45451
42069
36348
43033
46753
52198
47489
44450
42359
38321
43029
40899
38361
46769
46099
40721
39419
44595
43006
42926
41554
45781
38097
41675
40056
39799
38138
40460
43021
42799
43472
38039
39225
46455
38992
40716
39640
42200
39138
36875
44227
37497
40672
44059
46107
40941
37636
46774
52770
43389
37737
37513
38086
37615
38004
37889
42441
44417
44499
38958
41001
48890
49500
46107
48487
36864
41719
42177
45204
44606
41291
43140
47583
39310
41311
43751
45984
41987
39087
47018
47390
46351
38028
40358
44333
48108
40139
43918
43376
46596
45010
45109
43856
47754
37485
42258
46388
39610
39929
42728
41373
47379
40876
41369
45504
40896
42471
42439
45894
43185
47632
47647
45692
40102
40828
38387
44606
40531
47845
47211
46445
45808
40501
40689
38274
45639
39288
43483
45113
40150
41705
42870
45056
42003
39649
46856
41177
37652
44758
39103
42375
46395
46964
37126
38227
41341
39093
44736
45226
37774
45709
45656
41339
53882
48948
41015
44984
48301
38374
49493
42206
44380
45653
48731
41712
43157
45040
40634
43688
45923
41154
46776
46903
43552
42844
43102
47026
39624
41958
48018
39072
46249
39036
43933
48464
45657
40750
42866
40522
43416
42617
44327
43175
48906
46672
44232
45562
44986
47409
42782
42872
48498
47930
45826
38399
41280
48051
46638
37536
41121
38099
47136
44568
47345
41630
46745
42334
43451
48026
47280
39451
43789
39574
48337
42401
51273
43720
49588
49044
47522
43206
45609
39649
42266
44583
43568
59614
44407
47027
41559
49008
51236
41975
48011
43805
39340
47827
45390
44642
44353
38189
46070
41217
47836
47961
45844
46555
45482
48362
39999
41536
45610
41016
46567
49300
46806
40210
46725
41892
46938
39120
47211
49201
44206
42705
46561
42512
42815
47246
40209
47347
49128
40740
42931
45313
48203
41681
49403
56804
39859
44725
48945
47398
41097
46468
51076
51677
39948
47869
40363
42342
43273
48166
40586
49852
45486
67277
60114
41404
62405
61856
42226
123619
78857
48282
58023
66585
56233
48778
53841
54254
57267
51545
52950
54065
67771
57712
48013
66885
49299
55897
66036
57129
49047
50284
52036
64759
73250
65656
54790
55016
52641
66270
61400
54963
51198
61361
68901
53330
59866
80485
67611
59723
70488
66666
77935
57945
75330
52838
74020
69205
62051
60242
67075
54675
52557
54512
67267
74653
72514
66371
59598
72116
71669
51151
54443
70370
73070
58884
68866
62099
65937
48274
72265
60934
73620
61466
71100
73369
52628
72871
63198
52880
57809
70202
64683
51050
61285
54050
69496
68513
61697
73134
62683
52559
58937
56175
66185
67013
67861
61666
70588
67833
58023
71524
58966
53747
67097
69051
71259
66159
55708
48857
60222
55466
59813
71248
64064
60996
50826
51563
52571
62687
50956
68650
57626
68528
69487
69179
60025
48110
57872
60656
70634
56419
65498
67267
55916
64883
69779
66884
63133
55458
63660
56596
57908
65057
70895
68761
61315
70113
73961
56775
61975
72240
64875
48701
68179
70697
70393
73782
72748
68525
51803
52254
53029
55649
60081
63727
59704
55982
51065
55982
60923
71144
66945
69055
59624
71303
63537
53427
62979
71947
63670
58093
69527
61026
70161
70103
48793
64601
63452
57949
64299
61376
66934
60324
63406
65095
56383
70102
49761
67713
72690
72633
64832
51783
51059
74847
68792
52981
72795
66522
50983
54089
68977
73090
67833
61411
51786
72493
52472
69155
67233
72944
53623
64578
56663
70892
71557
50518
60925
62953
64828
55698
53438
66073
65031
61697
71900
68185
50857
71799
57256
72385
55797
50840
49779
53431
66677
69705
54862
74196
66391
52026
70843
67934
71460
73383
74479
63606
62594
62793
71195
62506
52177
52861
69237
52684
66472
56693
67617
55366
67213
63232
66546
60297
70318
51177
52285
57074
54897
73269
71533
53773
60625
64332
51106
55162
56566
64093
65128
55333
59441
53074
60325
58143
62627
7178
59204
52261
71165
53903
54956
64334
54882
60152
53696
73032
62832
60644
62803
70710
69219
54928
52647
62756
70325
56609
59856
66072
72246
101598
91267
53630
65759
69520
53062
68216
63023
91622
78595
71114
70025
72861
59482
58688
67828
70206
63127
65933
62794
63093
67164
52660
61603
56760
67846
117437
104953
62429
78556
70476
62254
67733
61581
57451
49489
53699
45877
50544
69050
65584
60526
89477
68950
74142
87304
78277
64244
60640
73125
67078
65392
70873
61393
66779
63864
68407
71566
70712
63791
57585
66162
67412
63907
72124
50150
71439
69629
65501
63827
72247
52002
62802
52159
66619
72163
70985
51157
64358
49224
75848
68751
73366
65402
72559
77700
64285
53190
70083
75601
57894
71447
66952
57467
66258
59358
63631
65168
57875
64090
64781
51415
59743
61168
52914
50436
67497
68848
67627
59373
66865
72558
50944
67461
58831
93556
94471
75738
71036
84213
71344
84075
72314
80157
69973
70151
67748
67918
64513
70718
73023
82898
73004
86519
81852
75815
64577
69827
70790
66670
64108
58634
57602
50095
65471
63577
60999
67294
73290
74987
78545
70687
136147
64178
60994
68339
64726
74245
86972
63395
80540
88459
72039
61057
68374
53374
71154
69712
59973
70622
73620
72355
57275
57100
76572
58501
62561
73909
60465
58402
75237
61728
55532
65055
59163
63733
51040
67170
59512
52817
52731
51902
46946
60629
61410
66007
76861
64880
81863
70768
70150
73950
59914
69915
52200
64073
60795
72370
61492
58342
73419
62745
72790
58600
62889
63122
64057
61176
66659
66871
67928
77618
69661
70964
66733
58539
58007
67131
55761
58526
66564
57383
58348
54000
65488
81535
64330
60119
70936
73520
68513
54094
71162
75286
60424
75841
66006
69986
76345
73931
71311
66541
55365
70921
53588
57513
73665
74507
75091
70074
58804
73372
78313
59023
216167
105075
80441
96638
81166
91834
104359
77438
71683
71130
72163
63503
70184
77085
72274
63539
55181
63963
77881
54213
61269
78402
79367
63690
71205
72287
73117
60530
77911
69155
71037
71476
73034
71139
63475
61968
61153
94494
64133
79017
65356
66282
73549
58463
64473
54565
74359
54033
61874
62224
50273
68364
60648
59416
53300
62318
68876
52593
68238
64443
60625
67038
50037
61245
56153
56000
45460
55929
48429
43575
49725
47645
43327
43853
45777
50930
54965
52236
47952
53841
52534
54015
50579
49791
47578
52537
42572
40623
48205
47227
49920
56272
54869
56188
101115
61831
46756
55141
43770
46747
52237
51610
54066
73487
68373
57419
57680
50619
54662
44854
45098
55609
51671
43466
53853
44805
52631
49630
63559
62881
52844
44638
49032
47833
49297
53536
47935
43483
54957
55670
52992
47079
47874
45185
52741
55924
44573
48165
50514
46486
44177
50631
54174
53937
45865
45962
44937
47809
53383
56263
47922
48243
55548
43430
51503
58923
54140
43794
43306
54553
49687
49718
54992
48552
55290
47835
47740
49587
43885
49782
53167
56110
52732
48000
50387
56718
56081
51312
43962
55148
49729
48743
51716
55705
48192
46041
51047
45180
52166
55305
52597
48640
50316
45291
50349
44961
43639
55104
52042
51477
54451
46009
46574
52573
50577
49841
51429
47506
55994
54456
46603
52049
50792
52265
51173
47819
52733
53575
61395
46534
45789
44343
51945
43807
55246
50807
54784
43999
49430
49438
53792
44435
52257
47459
47796
54329
53181
45236
47361
50645
48687
55939
52879
53514
56863
45593
54119
49830
56023
52577
45255
56456
51114
49261
46431
50176
54651
55260
46488
49493
51896
44269
53049
53354
50012
51328
48201
48926
51622
52504
53754
50415
51431
47348
46971
48677
47167
59979
48066
52114
57976
69462
78198
78444
73341
82597
72052
59560
70350
74088
70353
61642
68986
75895
67640
80322
88905
88943
74098
85898
78391
86043
75258
76281
65484
80055
82127
147137
86519
80692
83858
86175
117642
73610
82227
93079
73476
77319
52245
84959
67094
73333
61241
56527
72327
75244
72164
62717
72123
58734
73252
70769
80079
65125
63485
65704
79342
8729
73398
77127
58326
84578
73380
60098
68737
75928
98268
82595
60683
77406
67913
78084
64137
55144
57626
75619
74210
81352
61750
70846
76118
66349
66021
84560
94651
66135
75160
67674
74895
70253
64880
66124
76180
64954
72871
60529
81999
82736
66505
73898
69163
76659
69946
62143
83552
70258
84463
61308
60685
69346
69326
73981
70333
76595
77428
83661
61176
66052
62749
74485
74907
65443
82890
70991
61358
83106
76279
82359
77094
79182
62625
65209
77783
69169
81802
56935
58595
83174
67004
89323
77811
81009
60375
90527
78744
59258
64602
70993
57925
62322
101273
73720
84481
78947
59220
50027
46179
47510
50560
46979
54565
48151
56514
51063
50216
53270
49155
52907
55186
56337
54359
47411
53547
56311
57252
47581
42911
49175
53274
46736
45866
57712
53034
50052
51253
48642
50787
45567
50423
51073
43690
45771
44192
43323
56742
55454
49612
56159
52351
57840
45303
54324
53611
48861
45191
48290
49959
53710
48147
50232
48002
44187
44316
47130
56422
45221
55154
55653
49293
48779
46873
56193
57281
44599
52518
52073
57221
49646
44651
6767
54275
45578
48301
46714
56207
47944
48373
53202
48110
47991
51221
58698
59762
49027
51155
90297
60482
62960
52865
60408
56951
55458
59135
60204
47956
48220
59056
53351
61569
56538
57410
50217
50359
50528
56161
49221
59449
49700
55075
58613
54503
53541
45227
44492
52874
47463
56420
53693
45678
46376
45793
48158
46968
57832
57958
58579
44686
48010
55350
51073
46030
47059
49219
57965
55776
52407
53745
53895
49484
52631
48741
47061
56588
57363
45563
49420
50454
50904
49478
46572
54329
45286
53991
47527
51811
48382
48245
45374
53654
52955
51126
49014
49405
55336
47516
49372
45721
52523
55576
46412
44849
54454
47408
53964
54807
48850
51996
56181
49502
52041
55359
51000
53932
48534
52435
52985
55235
56630
56760
47137
49981
50065
57766
49557
56920
58907
48788
56887
55943
52775
59828
53539
47126
57245
48610
55727
55755
71703
55864
51497
59439
57597
52228
60467
58581
61372
65089
61383
77344
65876
66521
47932
51405
59771
65110
64069
83414
73784
61253
60847
54349
60171
60450
51691
57520
50340
48647
48597
51546
57583
53129
49755
60989
56257
61556
54912
60700
57635
50250
60516
55993
60055
59911
58555
61553
53998
47227
45979
48032
48146
52100
55827
52645
58788
46369
45499
56912
49422
48937
46732
56475
53341
45583
46241
54209
54499
45483
49053
57184
53175
56997
46443
46269
50346
53900
59812
53905
46767
53395
55748
52852
57356
50368
45984
52728
52050
55632
47251
53914
51691
46540
54776
57908
53290
54489
46636
47608
47111
47998
53677
56091
53015
50813
47178
55331
58149
57250
47827
56910
48175
54112
59274
48432
56503
53683
50151
56051
60181
50149
45874
54955
59884
54055
51223
48307
49042
53785
50378
47618
46505
58059
4361
53991
54891
51376
57760
56344
53112
47081
54420
55351
58336
50281
55282
52891
57197
57811
56422
55518
56146
60433
58690
53728
49864
49815
58610
50703
53824
60587
49291
52391
45899
56615
49156
46393
54519
59651
54977
53393
47286
59117
59413
54756
46530
53268
55875
61556
59224
58123
58458
53509
51018
54140
56128
67319
65082
61391
61004
55710
64395
72000
57952
60373
58152
52220
55559
50062
50304
47377
47886
51057
49698
49710
51427
58798
52966
58805
48460
54366
50438
51696
52864
62599
55329
59098
51450
61494
49342
54854
56919
50569
56714
54898
64259
50515
66706
57657
49454
56955
55213
57148
61096
59073
61859
59012
48806
55306
54091
47617
57614
50206
59872
58048
51046
51752
54035
60646
48525
51167
50433
48890
59032
50808
47627
49124
60831
61084
59700
54246
57603
51054
55062
54298
53722
57807
53439
61505
59584
46999
49813
47072
62228
57003
48950
59760
50470
57773
51923
61035
56314
49099
59521
52979
54190
62164
57054
60117
52358
59601
52428
57549
50964
60521
58017
51481
59491
50966
49804
57722
60932
57173
57008
52934
53293
59075
13370
57095
58174
53075
60807
52269
55160
55459
60383
49846
50000
52809
60489
59264
61591
60639
57192
49833
58475
59374
47668
51656
59553
51770
56184
55695
50895
54061
62436
55529
49365
53990
48939
55479
47537
54368
50002
48313
51077
59988
49116
53056
63026
53473
53712
57848
55447
60149
48756
47649
51088
61453
48138
51899
50897
53390
60462
58037
47770
53072
55789
58071
54383
61805
51292
57949
51883
49442
53684
54696
50756
56508
52717
47949
62689
55828
55350
49780
52413
56948
47899
54288
52152
55299
62654
54108
55137
54326
53642
53814
54140
57529
55871
57098
56489
55811
62084
52500
58962
51361
62282
63552
62840
54263
58107
50127
54539
52336
54824
49572
62187
55503
49733
58678
54629
62080
48889
6938
52453
53911
63204
60494
52495
55326
51313
60381
63765
62575
60833
59022
62356
52604
50549
60313
55903
54082
50041
62714
63174
55088
59031
58892
56368
49179
63531
55127
55718
59450
56665
55025
58264
55589
55648
55997
51328
57495
61248
52928
62438
60236
59191
53486
76653
58236
52858
57788
63289
50148
63265
55496
58650
56344
56068
67637
60240
54715
54042
62164
57295
52716
54397
51291
61978
50024
56338
49078
55824
60517
68494
67598
76727
77597
70718
67981
68306
86629
64424
68961
86643
88235
96832
76885
92695
75091
70245
85508
79509
72011
53473
65016
75660
68209
85081
88100
73337
74088
79233
86203
90543
92271
90219
81618
69824
94171
69145
64107
74934
63474
67370
72268
67479
86682
91999
76620
89031
85162
82506
65869
88109
11010
84583
79398
64800
86531
60805
64865
81641
86982
76107
73749
73464
91870
70223
65766
68512
67537
70472
83356
64266
88555
70327
70996
90862
72296
69355
74117
79841
92689
88699
78460
89138
109287
97429
82815
89579
77615
94747
90559
82586
67657
86298
106946
65290
66613
86666
66820
66975
91731
90640
90432
84564
74825
99073
81923
93249
82277
78987
72690
83365
77321
75450
71652
69478
70257
91281
62074
74195
84762
73479
73578
80138
67288
94203
97547
77479
91139
71454
79071
81345
72560
71705
79167
95133
91264
69717
78652
93775
82883
91510
69265
92854
100264
79889
67795
89732
96141
95676
85986
99065
83694
99721
88000
84917
87229
86791
73603
79434
77077
129496
65673
87098
82006
89878
86315
81490
93923
85313
82659
89600
96625
71173
18768
72147
94173
86821
91575
83400
101414
93906
84468
77093
92100
73758
88070
100948
100927
90656
98517
114066
84413
101830
86801
103513
78539
71362
88095
94328
99517
82423
89650
85816
83325
98654
94092
89305
87926
98091
77079
85808
73915
89666
69697
78756
76566
69112
77658
73066
90112
96414
89429
79269
82538
73679
88619
79628
76380
94668
86241
77811
88950
73832
71281
82446
86664
67992
71846
93819
96274
80609
76839
73728
70453
71660
76229
68422
91806
94398
95112
94574
82311
64768
75907
84498
71903
73126
75000
89839
93922
86739
76676
99679
98370
92663
100372
79157
77587
72576
88619
88049
94362
94784
70706
78894
86797
78912
68720
76946
90471
95830
87479
87769
99002
93051
98366
86278
71446
84070
80104
90904
96338
72844
91017
82595
88144
75965
93645
91676
86477
70408
69680
97691
91920
77300
96712
79051
97739
71281
69533
86319
76596
73274
96013
101438
84251
72606
111011
99279
100924
70488
75020
95543
85006
93578
68347
71019
74669
82348
82752
75682
85678
97546
94285
79311
88298
81664
90924
92225
79950
76380
88785
70512
67992
100649
80362
80473
70064
92374
77107
94234
90125
72688
85724
82787
84041
93105
98660
84747
66910
70942
78334
85451
92100
90210
101087
73819
80540
80708
90526
69808
98127
81178
72228
86495
99119
89500
69394
91231
99966
96097
70561
71830
92556
97172
84909
96419
82225
92055
74160
70511
75738
78763
81317
73624
82592
83831
70021
99808
86486
76008
77633
91006
101404
94824
68044
95162
98422
69259
91349
89175
71853
96573
80075
98307
82773
90084
95076
74887
94205
97350
95879
99380
68790
75415
93418
69763
102204
104326
73685
79623
96336
69952
94574
92160
101547
79556
103330
80419
85864
98841
71971
92820
79591
77134
103717
78144
84363
91489
92915
69731
83458
91199
89470
71785
79689
102636
85884
100707
82448
96814
73134
93068
90248
74793
86747
96251
80417
95336
86565
82488
93331
93160
77680
88962
84579
97282
70259
85401
82295
91417
81966
87458
97863
101972
73528
97224
72786
79482
95402
87461
81339
92088
83230
74480
83972
84946
72839
101929
80882
102986
97736
82934
99355
92599
69892
77670
85246
88025
91857
77262
91348
94100
72512
102330
82946
95098
94670
100349
72198
83403
96845
102860
91293
76262
102413
70768
103401
95198
80572
75420
94211
98041
98926
94648
91009
96312
70457
98411
89205
100219
83779
71798
90883
89027
97830
98416
102464
88710
94378
94694
84728
92714
78917
104583
97599
101511
81393
90257
84816
101727
78539
85762
83133
98015
93126
94329
102193
100661
106135
89501
77212
101605
89430
70444
74367
101681
91318
96773
103036
106082
91027
104731
90348
73545
93466
103881
84197
103737
81554
103452
79816
97335
90305
97502
94787
93955
80473
73479
99905
80261
76790
92733
86709
81504
92401
73501
101532
96586
82265
71230
83624
90907
71760
93365
100592
88036
84666
102829
99433
93172
94886
76023
96459
83473
101159
101460
99505
71428
86389
97020
90854
89402
72984
78631
88702
88644
74826
73681
103638
79545
105090
77946
100666
92591
88588
86165
104760
83168
78802
79396
88241
87497
88970
89044
102322
96075
103626
92170
101440
96239
101406
77794
72378
99048
86610
82450
94555
100590
75643
69882
81997
76659
85614
92041
75767
104361
81292
87208
84009
82629
75272
77605
73630
98544
103200
105011
80125
97706
150138
81023
82130
78920
89506
89876
91513
139375
102247
100434
81793
79055
85339
81726
73798
71738
68918
93790
100229
100624
90329
131055
114094
88698
75556
97047
81926
68788
89620
83629
81008
87448
89400
65758
80646
93804
81314
88058
76553
76266
95054
79572
65069
84865
65527
80150
71403
71778
80818
95832
93445
65550
56678
59907
61713
55940
68549
54272
56113
58847
53372
64122
58893
60974
59178
54046
59309
65706
55984
65076
54766
67332
70186
57911
56389
59956
58960
65086
64193
68236
57857
65885
60306
60107
57615
55581
64410
62131
71388
60955
54291
55434
64242
58971
70192
68255
82055
61286
58089
65924
54212
69157
58438
64438
68582
55108
62576
54583
70317
66595
65838
53899
57403
68548
65719
71035
63599
69003
63958
57262
67969
66454
63657
54430
70958
67766
82479
66817
67167
82144
80951
87767
111282
112300
99844
118920
108714
60928
54773
57709
67924
66757
79212
71295
66309
68248
60625
58514
65905
68828
54477
65311
70555
53964
60363
70633
62211
64932
69862
67771
62417
54106
54713
60884
66823
57701
67197
71602
67380
71165
63952
69331
64734
60283
61131
59811
54946
61384
61799
62615
63389
71207
56793
65238
69496
53982
62062
61396
61453
55813
59976
57808
67887
61742
61659
63787
55407
72094
67574
57618
60207
63342
55835
58396
67846
70355
71632
70598
67838
63008
64344
67404
65933
66480
68291
70941
69908
54660
66006
64266
68337
60066
58328
66123
55335
62721
55786
69788
71448
61378
67068
61679
60837
72379
61357
67188
58401
54733
60326
68112
66554
58846
67778
66313
60395
59586
62218
58699
61919
57349
61046
69810
67265
67245
67279
67918
64000
69381
69578
70069
95335
67492
87223
90116
103541
73852
71441
99336
102124
89179
135311
102974
130411
105918
133173
95578
88364
81630
79426
72032
83069
101171
72662
84372
101808
83553
69695
82328
96491
79233
90760
88504
72655
91501
100789
78657
90645
97638
90827
102271
91313
83332
94744
82546
85499
76450
92540
96916
75995
91879
75940
86675
85217
88061
91942
93470
95270
93004
164560
83359
106808
98984
77993
92594
72115
87774
89520
101360
102731
76031
92716
80795
84275
84777
93742
89223
117769
80973
109054
130315
124470
71725
72566
97077
89193
81623
94390
131443
127290
100099
96648
73653
93561
84402
85003
98711
103885
80861
90653
81867
94844
87088
87954
92694
105436
92950
85791
99680
93194
79339
90666
87496
79488
93378
89746
84681
69488
95881
86003
96493
88156
76641
82195
100380
89967
91271
105619
94793
110650
90438
95227
101742
98349
96948
94041
88637
102069
97246
104981
92944
103932
106114
98909
98760
109070
80600
111883
114105
80949
89388
88355
74232
91013
102560
78038
105326
91741
93958
85453
122266
121573
88665
124783
111272
112374
102752
106848
75837
87641
108770
74765
81853
88819
77314
106027
110870
109314
89369
96638
115781
80862
77224
86603
102303
93580
91587
79317
108974
106568
102395
95614
83538
66558
100653
102046
88475
88111
94841
98616
95551
99259
92206
91184
99884
78559
106264
106434
86255
79912
121124
115080
75856
76648
83200
84111
115393
112531
84948
88479
87446
84010
85423
91687
110487
116772
87652
87476
100112
105429
103032
75526
108624
89288
76246
97249
83183
132345
81813
110940
110947
92363
85905
89459
91274
99055
106740
104542
118894
101806
86450
99056
93441
86275
102532
94274
101116
122678
102993
100354
113574
106167
108963
98379
95524
82988
89976
88220
72928
109511
73372
102983
90136
104736
95633
103405
108750
104927
113634
81024
83686
110413
104100
92279
119365
86175
93934
113213
97938
101855
108646
100043
80913
91853
111708
116334
85708
92372
91160
83369
93314
95698
85629
111118
112986
100777
115559
98721
100350
112738
107816
100062
88982
85063
104698
86925
90441
83912
82498
80253
89188
105849
100440
96464
105655
106197
91089
92257
103482
91708
100571
110742
97321
102762
108386
103886
96944
82812
89880
79205
84866
108110
85702
85449
100070
107627
85073
96828
116860
115285
81295
120134
85918
82973
119179
103027
78001
118309
100133
115471
90037
98527
79996
89141
95066
89067
83625
88922
94684
74504
88990
122721
111966
107137
88373
127859
115375
90911
90997
112013
96081
98020
87406
87411
107660
95063
111860
105594
80635
77313
90964
79935
106606
95284
98365
98189
105259
78709
88366
94626
85517
101176
84366
113472
92746
110568
86239
113407
93916
88247
85326
96577
90240
102744
93755
110461
107455
106084
83920
89485
87519
80680
86410
103506
82150
105330
100742
107562
93774
81665
106043
82123
79857
92800
107538
102012
97964
100819
88513
104010
94357
95940
76252
88880
99949
87873
102556
83222
110346
135767
126688
90378
75256
88447
167055
80572
115498
89812
103289
101710
96733
81805
79776
90246
160220
123224
129326
101723
99750
102108
100399
104651
89602
102072
92878
105131
107289
112052
102720
93995
137112
111130
85788
114885
86528
79205
114060
86685
101927
88753
97735
112604
103414
76986
95578
103871
88937
100745
79035
92084
94614
101487
122215
118908
100814
90349
103335
104397
115929
86272
88708
110659
93509
97818
79274
83442
102007
73717
106866
8516
97609
104004
88630
92404
106180
95909
102186
110585
87268
100705
106575
108529
102453
95080
81155
88724
119699
113261
87600
108956
90609
108256
94369
94327
93172
109160
108081
94158
79769
99546
109464
102217
96071
99921
107361
104732
112378
117475
121142
95454
116887
109326
81308
88760
91621
152223
122284
105198
89405
127354
87556
62741
77104
66199
70653
69683
68615
59600
67790
59185
76698
76194
78543
71429
62659
15939
71033
70167
61425
76995
74405
76173
77368
62585
71639
75841
68585
72316
73483
71289
59400
59179
77976
72419
69854
75433
81771
66119
61552
64536
66347
66271
77220
60418
65191
77157
74857
70300
74657
72840
60702
76851
78772
75925
63231
73506
70480
65745
61494
73577
74920
66473
71441
61537
69196
60959
78645
63682
61238
68022
72934
73048
74399
63561
68511
64065
64953
73771
69787
65311
71283
66575
65254
63428
65796
74662
64708
73246
75305
75399
77160
59837
73792
74109
69335
64445
76327
64199
75001
75301
60498
63960
66093
77617
70354
62905
73154
65333
71521
63793
77775
62116
61824
60719
75991
69480
70142
72675
73397
62537
73924
70322
68717
78532
62584
67770
64614
66412
59764
60896
63747
74800
68771
63671
76970
65875
75165
17650
69437
72747
68734
67112
67214
70582
72781
72454
76578
68995
69269
66771
76243
59660
75432
70614
65571
69484
70329
73286
60533
68577
72844
65585
66705
63524
59887
77188
77248
74685
23534
76840
71072
70792
79147
70719
112475
95078
117762
94876
96125
99373
86968
74328
95218
103553
92757
80425
105955
130554
121062
91112
67236
70152
62417
74860
76605
78105
63458
77447
77593
79727
71443
74480
62522
78074
64701
80279
71117
61318
74718
65181
64624
62339
70133
68205
72775
78595
62301
75553
60713
60713
69935
69570
79262
71214
67465
76586
60344
63707
61373
66523
66570
77143
61271
70289
69643
77837
67701
66519
72235
77877
68796
74803
71800
69493
66968
69437
64931
64233
63217
67299
63094
71717
67049
75491
63391
70938
65189
62237
63529
66750
61077
64417
77908
64462
71569
72812
64828
62316
78225
67692
74969
62572
73764
76047
69804
77053
63891
77030
69216
65435
71615
76595
80836
62553
62346
64702
64587
65052
78589
77558
75544
68516
61876
77908
73822
75481
79810
80373
73415
65672
69370
75845
61153
73294
79377
71940
96224
76875
66418
76282
72471
62780
69727
67088
75538
73228
64806
78982
75510
87319
105672
79821
99208
84343
85641
88470
85593
118255
97589
102171
98062
133722
113969
88788
79055
78420
64404
67720
79776
86633
80884
76331
77544
62733
61216
70947
79940
68433
70509
69561
72013
65385
69058
80253
84665
75354
92703
86543
72976
70741
75108
74597
80434
64449
77692
71771
78601
62187
78044
69936
70908
65334
63814
62869
72129
79145
73110
4789
72017
70801
67180
72154
70102
68893
81968
63731
70101
71615
80480
68797
73799
75101
82107
78689
96212
87580
70237
80906
64093
62335
65430
67294
65618
80274
77600
76058
13242
76358
72110
81336
69196
73411
72784
75694
78260
69063
66733
80417
69011
79000
81353
72484
76086
80175
73543
74863
74349
77200
62827
77383
81821
65311
74159
70854
63307
70043
64946
76105
76701
78103
81951
72964
68100
69013
79736
64857
76775
77427
77133
71409
75443
72686
68645
69661
78127
71442
71863
80627
64118
75624
75879
80592
76053
80254
75629
71044
79464
81899
93661
103581
75969
78021
108477
85478
97908
83815
95627
122551
102192
77036
91199
111666
101822
87822
67980
77280
71351
67636
77144
64110
72441
77163
73263
64560
79520
82975
75576
80795
68438
80934
82098
74428
69440
73545
64872
78642
64346
81525
72508
68335
78429
74251
69945
79127
79180
74576
68466
67320
78117
64801
82321
63025
65831
78878
63833
65419
79954
67806
65473
62584
66338
71720
67106
69055
74763
70887
62576
68910
63022
62374
80631
62972
71650
74616
65936
81230
68860
82268
67613
80320
83180
79313
74457
80420
63100
66528
81870
74005
78142
76235
65480
65099
77861
72859
68038
82291
78581
63199
75568
63367
69982
63578
65015
79511
77464
81355
75219
80415
72743
69912
66206
68684
70542
74538
79524
68254
82390
78698
80217
70119
112239
115838
114577
102813
96057
103531
85793
99751
107009
99806
116107
86067
124970
90515
95847
90162
123954
116554
114525
144032
119375
129376
90208
101050
118924
106960
83822
123906
94981
99857
91477
111453
95482
112988
113115
87067
98005
98179
125706
103979
113487
120455
125656
91189
119450
116556
121964
125042
106443
86165
125108
122363
113945
88670
104767
126164
112396
99092
92802
103102
94968
121357
111738
108442
152907
124826
122217
145408
24362
85436
110014
123623
113351
96024
95316
83359
89289
125339
125275
87374
123885
99044
109733
116608
119313
87776
99813
110260
110429
111984
153042
106027
135610
126916
95988
111031
98849
105242
86654
73160
80810
63507
18399
65932
70230
66195
66045
76984
75189
82475
64388
79218
79252
66782
78579
76512
64814
66341
73900
83175
68788
84239
77849
73232
82249
70665
69282
81138
69549
73233
84392
64296
79814
70618
79070
69170
65951
82349
64721
69931
72107
71865
83591
78562
68517
71462
78101
63960
76259
74522
82237
85035
68533
68982
75622
64939
77449
82305
77657
76001
77413
82842
79790
70042
66575
81259
71260
70821
79770
69549
82670
82671
68150
75011
78226
74589
74568
72904
65791
77473
64225
78432
76901
72880
78643
70186
67022
81117
72252
73162
79479
74449
73219
84511
76708
71719
70401
72151
82765
77215
83401
75012
74440
69422
70742
72818
68519
67195
68194
71478
74930
71708
72495
66080
78910
67070
68179
74404
76914
68513
79136
86069
83826
74749
66636
67963
73557
65970
72727
77160
88272
71671
78435
82983
71058
80146
79097
84248
67051
77015
83489
67513
80041
71356
81354
74084
70075
80737
86015
85202
67324
70786
75896
70434
78453
80249
68023
81880
75479
83080
68656
71119
73017
72249
81876
67108
83954
75131
69871
82066
70322
68267
79229
81559
71819
80524
82765
81330
81243
67895
76658
68613
68193
78519
68490
82947
81117
75776
74799
72650
86498
84952
69078
83160
69561
67503
80929
68070
81345
77833
74229
83306
78574
80428
72639
70574
83038
85267
74956
86295
81521
82858
79177
70192
71650
73608
84114
73277
82788
77117
68945
82476
69032
76104
86193
69721
74494
86332
65988
65900
85194
80861
83860
74835
73704
83240
79742
85821
82344
66491
70262
73956
84434
84105
72294
65513
70999
74252
69511
68817
82469
70962
76480
76506
77318
73248
86912
67869
89352
81671
73468
79347
81351
83043
73268
80000
69479
70989
68963
78697
85708
82799
80036
67694
85078
67579
73856
66192
80018
71211
85387
74904
76128
70985
86139
66414
74094
81251
66262
74551
73519
77735
70314
69528
80984
76898
75126
83555
71961
81854
74920
77294
67289
82429
74838
76485
77576
78986
72114
67097
86073
66864
68784
76593
67061
72420
70576
71986
77483
83589
78465
67504
78881
86181
75009
73792
83985
68780
76750
73245
74534
81416
75966
66082
78672
79333
84389
68011
75540
79592
78025
82437
78113
65679
72699
76279
75509
76257
75082
79904
71601
79454
84319
70810
84892
81353
87210
81450
67995
14694
73283
86512
85384
76475
72841
67084
75595
87834
80907
76207
67229
86306
68254
66644
67143
76217
81265
68909
76162
87639
70441
74729
68030
70161
82763
81373
83258
80012
84908
71941
70325
81875
83599
76173
79195
81206
75703
69658
69676
83189
77101
81383
71269
74491
84513
77191
72715
79277
82482
76468
83407
83291
87857
67040
86330
70787
83773
86712
71057
67601
77892
66929
69225
70939
87319
70224
67621
87643
83341
67235
78517
88155
81981
76258
87287
85371
81256
72270
76747
86727
81058
81828
70852
68098
79241
69850
86425
86788
75260
82386
76085
75739
78601
72159
74307
71668
75423
88744
69369
82368
86963
72898
70716
72765
76251
81833
82498
84956
73493
68976
79270
76480
81980
81104
67499
85710
77104
86029
71885
87494
88423
88879
75956
69172
88189
82737
85486
88468
69645
84883
89678
68127
82614
67856
74702
76745
77808
87860
68600
78675
79584
83492
77123
77687
72533
74783
72802
76183
67985
68651
87781
71696
80772
74785
76744
79553
88224
71692
68392
71420
75219
70836
81658
67818
87550
16618
86326
76175
86956
75123
69635
75557
76967
87562
78883
85891
80227
68527
78160
79117
88365
69101
85490
68763
75878
81203
86650
88764
71175
72244
80189
67869
75792
81874
72191
74268
72070
90364
88515
77421
72323
77313
75119
71940
86630
75790
87568
71830
82591
77172
80462
77186
81437
79814
84242
88979
82181
76322
82421
86930
88794
76159
80276
87106
79964
76090
84765
86710
85452
83140
84104
71398
79592
67705
69403
78487
82542
71999
79863
88081
71341
68594
77514
80302
81572
89800
76067
89665
82336
89769
83306
71377
69158
78743
73915
76850
79071
69423
70303
70488
85306
75262
83039
86338
72845
86371
70538
90452
71957
84521
74059
88358
86305
87073
72931
82335
81837
84315
75320
86143
71371
82836
84723
84407
79495
72549
72029
84348
87599
86711
85975
83963
71771
74694
86191
79253
85938
81314
71662
82861
78326
71466
77549
84912
78038
78662
68862
74428
81811
69336
71127
80601
84214
79986
88038
90722
73725
88770
82686
82132
91801
70420
72970
78744
73937
72566
76261
86891
85668
72327
77288
71066
76329
85644
71224
71304
73771
76298
86073
89468
81505
79613
81043
71921
75304
75815
86538
79013
90863
76434
81113
73646
86621
87257
89303
88896
86057
86847
75463
81573
90401
78404
74723
86153
69690
72144
77998
90631
69218
91173
76065
76718
80432
86528
74125
78959
69325
84750
80919
90461
86615
88391
70136
82418
71513
75211
71030
89692
80364
81875
71018
84549
73381
70179
71897
91569
73607
77753
71071
88010
82818
83096
105323
90035
73814
73111
73008
79057
74423
90924
71436
70869
72953
77555
81370
78794
81628
80741
78727
86715
74737
89286
83063
91003
89026
74561
78455
85753
81293
84483
88211
91422
75719
70798
69193
70614
90704
80794
74404
81988
71920
78987
81261
82070
76047
73094
78580
79698
90936
79310
83895
82957
71039
90345
72505
87757
69521
84743
91329
74768
81993
80000
79538
70820
82348
74979
78930
74967
73724
71143
92317
74998
85283
77464
89484
92261
72903
86244
92086
84013
80474
81356
80695
99268
84318
90629
74559
87578
81644
88739
70363
87238
88772
86109
75164
75380
84738
87566
89288
80196
85084
79989
83791
80387
71051
83573
75171
74787
91175
79152
86320
80131
70480
75016
89795
74212
93314
94688
92835
75148
74118
88606
74551
83228
84844
90268
81865
75374
86261
89727
80117
79330
93553
80387
78348
88748
71731
77686
85573
84592
88898
86795
89753
81409
78018
71044
71208
73240
87718
71296
91721
75964
72182
92214
84597
75912
79882
80767
87161
90118
76769
87266
71161
96832
87599
90459
85409
85897
93315
80177
5020
80586
85418
92511
71568
71945
77667
91777
87459
77990
71457
87272
91430
87819
83829
77635
86198
80924
86966
73889
83118
71420
78561
87657
75269
85631
75673
81283
85557
76099
81835
84503
83340
80838
81902
81638
78149
79451
92829
100139
79541
81407
85652
76112
80968
74383
84771
82846
87204
73370
78564
87911
86725
93089
88446
89043
86080
88115
74937
90391
75784
72404
78516
71477
87041
80582
77880
73378
78800
75782
85532
93020
82482
93870
82050
84357
92631
77951
90223
85669
84003
91492
93913
79593
78642
72342
93802
92999
90493
78856
86098
78539
85416
91044
82474
77785
92485
80613
84853
91313
88727
93620
71745
85344
18836
92050
71149
80399
79547
79709
73725
87082
76078
94174
74698
91788
82169
79713
94233
81820
88280
71982
77176
87341
88990
72426
72012
72208
80074
72087
83263
94608
74959
77594
82602
88216
77540
73995
85477
84613
91599
84432
85681
76088
91394
82494
96287
74271
82177
71946
75450
79718
91574
76426
86495
76965
79240
74390
91890
79396
93433
81495
9022
84743
95404
90023
95136
86309
76931
86005
74353
93755
95315
91900
92600
103765
131596
117287
73696
93512
83822
82446
80158
83824
92660
80113
83001
93907
77440
75329
79910
101712
108741
107214
92342
92468
90765
106586
118284
112286
92177
120765
128460
114093
133363
140619
121712
135108
134579
111342
133981
116269
98331
113304
105681
138873
135194
102174
98546
190894
123292
105180
110473
101579
121964
135515
101312
115957
142309
106902
95382
140203
136107
123954
125618
117562
121445
126103
106402
122329
141494
99163
146662
127856
105017
125146
117811
108781
103058
132331
105958
142496
97311
137001
116369
136347
106778
148730
105919
137803
101773
146891
109528
152263
147709
109466
109343
137183
110884
122151
101238
139524
118306
129540
131894
92889
93061
97316
114659
128347
125086
133491
134633
117599
93986
105589
119628
138575
130573
118317
120346
137460
119056
109609
99389
128463
134180
106186
128773
122792
13767
140438
143424
128361
129554
149755
145670
109440
117545
135309
112196
107928
123263
142702
114391
100276
136823
95959
97929
108863
122978
123954
94531
120723
122696
104853
110387
99673
143283
96799
116256
138738
114389
118543
143528
106239
138627
129542
97379
118537
109803
136806
106910
98437
125624
118470
130662
142178
112488
140194
136425
141076
139966
125210
125985
99618
118039
135423
142993
104489
135797
136099
107995
137780
96037
130925
122255
98217
163838
112717
111340
116621
100397
187042
144338
98410
97575
91993
97050
133237
90197
77609
84903
101764
85263
100807
105237
93453
80755
94435
86416
95491
94314
95194
79085
80167
95580
85694
76831
72801
78909
95521
80965
77737
90354
77628
96989
79471
95602
18021
94738
86494
92158
79029
93990
85934
82405
80120
77017
78708
80888
80899
79402
84645
95066
74049
22026
