29797
30854
24816
22359
22972
21956
41135
23726
22711
22533
22331
22034
22175
22142
22010
22092
21982
21940
21945
21986
21899
22059
21975
21945
21961
21911
21971
21990
21885
21934
21924
21838
22080
21975
21942
21896
21949
21912
21975
23830
24324
22009
21928
25541
22003
21912
21910
21907
21923
21926
22071
21916
21893
21894
21999
21920
21929
21944
21929
21915
21935
21893
22013
21982
21906
21951
21942
22055
21913
22033
21911
21921
21933
21924
21935
22017
21995
21983
21902
21902
21943
21911
21946
21965
22029
21910
22009
22073
22046
21942
21909
21913
22027
22143
22005
22083
21960
22065
22101
22137
22431
22122
22013
21988
22130
22064
22028
22015
21998
22201
21976
21930
22085
21995
22021
22266
22282
22130
22135
22085
22143
22150
22203
22148
22137
22188
22196
22201
22118
22163
22211
22215
22273
22120
22194
22251
22229
22246
22129
22122
22206
22164
22208
21961
21880
21927
21987
21994
22015
21938
21963
22003
22000
22034
21938
22064
21950
22019
21897
12793
22000
21992
21976
21980
22038
22020
21909
21907
21962
21895
21940
21936
21982
22061
28148
27574
27852
26890
26320
26925
26955
27846
27332
26723
27765
27070
27033
28123
27476
28923
26640
41655
43696
40698
34655
31715
30466
27660
22019
21939
21981
21981
21984
21956
21990
21957
22037
22018
22018
21972
21985
21943
21918
21961
21947
21962
21939
21951
21886
22045
21961
21968
21947
21932
21956
21997
21925
21962
21968
21873
22005
21935
21921
21952
21946
21901
21935
21958
21935
21971
21977
21980
21868
21922
21852
21919
21934
21938
21902
21973
21927
21976
22012
22814
22908
21977
21931
21903
21939
21917
21934
21881
21889
22122
21997
21965
21950
21927
21973
21955
22023
21950
21952
21978
22053
21914
21997
21972
21977
21980
21959
21969
21873
21885
21963
22046
21961
21982
21920
21919
21885
21977
21995
21906
21964
21959
21975
21960
21947
21910
21947
21992
21872
21958
21981
21938
21897
22070
21901
21956
21893
21946
21884
21911
21912
21950
21932
21939
21997
21899
27234
21947
21927
21885
21904
21859
22002
21901
21969
22043
21994
21966
21948
21963
21936
21988
21872
21972
21963
21934
22058
21921
21937
21962
21939
4467
21895
21965
21966
22002
21942
22087
21963
21973
21881
21971
21937
21915
21989
21963
21940
21955
22079
21865
21912
21964
21911
21961
21931
21901
21959
22025
21956
22009
21955
21917
21952
21959
21931
21978
21962
21933
21961
21941
21970
21896
21884
21903
8419
22033
21930
21851
22055
21914
21920
21968
21949
22387
21977
21963
21847
21834
21901
21944
22013
21921
22051
21876
21959
21921
21938
21931
21960
21937
21931
21916
21955
22024
21994
22029
21911
21950
21932
21905
21940
21914
21879
21875
22062
21924
21888
21976
21878
21879
21940
21868
21936
21884
21929
21979
21921
21935
21949
21955
21929
21926
21944
21967
21879
21909
22029
21952
21934
21863
21878
22031
21926
21991
21920
21894
21941
22065
21971
21900
21909
25147
21963
21935
21924
21888
21909
21933
22066
21992
21923
21902
21945
21945
21930
21972
21955
21929
21841
22013
21887
21899
21903
21901
21959
21953
22078
21911
21892
22064
21961
21910
21922
21897
21907
22063
21973
21862
21921
21891
21866
22095
21949
22009
21907
21852
21877
21899
21875
21892
21912
21875
22005
21953
21886
21926
21935
22002
22054
21892
21963
21970
21946
21982
21888
21887
21916
21898
22041
21915
21916
21939
21990
21966
21997
22035
21924
21955
21910
21986
21965
21903
21898
21906
21894
22018
21976
21884
21915
21927
21935
21908
21968
21975
22035
21970
22009
21883
21858
21902
21903
21938
21993
21910
21957
22001
21914
22021
21898
21892
21929
21950
21909
21883
21868
21893
21960
21998
22056
21921
21942
21942
21940
21921
21941
21909
21911
21945
22371
22140
21956
21966
21975
22085
21935
21963
21936
22012
21998
22091
22025
21986
21910
21888
25693
22019
21915
21948
21867
21926
21925
21983
21955
21998
22094
21883
21889
22150
21931
21910
21963
22038
22087
21888
21957
21906
21992
21923
21962
21952
21952
21945
21905
22004
21919
21915
21951
21890
21974
21970
21924
21892
21943
21894
22065
22003
21984
21926
21912
21934
21970
21951
21885
22042
21966
22111
21966
21931
21957
21964
21930
21949
21952
21989
22008
21924
21996
21938
22043
21876
21888
21951
21914
21955
21933
21888
21923
22028
22057
21857
22148
21948
21936
21943
21985
21880
21998
21888
22174
21914
21925
21876
21935
21930
21910
21985
21939
21893
21892
21979
21939
21910
21916
22015
21878
21924
21930
21927
21945
21992
22044
21916
21958
21912
21914
21922
21912
22071
21900
21903
22032
22046
21953
21906
21916
21968
21922
21944
22008
22050
22340
16084
22064
21977
21905
22017
21870
21913
21952
21846
21888
21928
21948
22005
22004
21982
21912
25503
21908
21928
21915
21815
21890
21930
21996
22034
21937
21869
21888
21931
21991
21880
21910
21944
21964
21990
21931
21915
21933
21982
21871
21900
21929
21951
22089
21933
22107
22006
22021
21959
21907
21955
21917
21850
21965
22075
21957
22000
21944
21922
21927
21916
22491
22018
21906
21991
21925
21993
21972
21963
24852
27372
21997
21896
21935
21891
21908
21837
21971
21996
21922
21965
21935
21903
21975
21950
21920
21913
21899
21907
22077
21940
21912
21905
21863
21881
21929
21887
21862
8918
21851
21975
21928
21948
21904
21946
21919
21975
21895
22021
21945
22089
22032
21948
21899
21870
21914
21870
21922
21948
21931
21934
21940
22016
21932
21922
21968
21874
21925
21950
21950
21976
21953
21940
22021
21958
21917
21905
21923
21882
22051
21937
21942
21910
21936
22045
21882
21932
21942
21874
21997
21937
21954
21909
21936
21894
22046
21884
21884
21866
21871
26850
21876
21871
21900
21892
21893
21988
21954
21973
21945
21956
22120
21928
21950
21942
22221
21952
22022
22006
21976
21908
23351
22017
21976
21994
21994
22114
21984
22074
21992
21964
21956
21964
21949
21934
21982
21940
21946
21946
22193
21962
21938
22041
21986
21988
22069
22041
21918
21966
21975
22211
22057
21967
21978
21982
21936
21961
21915
21986
21947
21947
22097
21999
22186
22053
22010
22001
22030
22007
22108
22025
22670
21585
21443
25454
25593
28936
27565
27648
28451
27384
27898
26719
26780
26422
26343
28194
24766
23203
21989
25060
26341
28509
22296
22993
21926
23740
21404
21336
26595
27234
27897
28159
26778
28008
28442
27986
28352
28603
27985
27572
26774
26820
27309
27272
27159
28346
26932
27190
27849
28403
28676
26915
28368
29072
23318
21912
27831
25334
29948
21947
21885
21949
22314
23280
22124
22105
23126
23272
22070
22100
22159
22020
22082
22185
22091
22049
21889
21872
22021
21917
21930
21894
21974
21890
21903
21900
21882
21895
21958
22005
22221
21997
22119
21986
22045
22084
22060
21931
22714
21898
21968
22081
21891
21881
21981
22043
22070
22039
22081
22103
21870
22163
21867
21990
21931
22084
21906
21885
21975
21929
22048
22020
22438
21981
21962
21981
21997
22080
21902
21904
22211
22062
22171
22405
21988
22023
21901
21873
22061
22033
22604
21990
22880
22111
21955
22091
22222
21878
21997
21973
22055
22012
21892
21918
21986
21929
21947
21980
22021
22015
21915
22166
21971
22139
22137
21977
22223
22047
22054
21991
21908
6979
21936
21961
21972
21922
22007
22077
21904
22031
22038
22183
21984
21959
22033
21986
22044
21889
22198
22014
21900
22114
22052
21917
21933
22091
21916
22085
22210
21993
21888
31213
21932
21893
21911
22032
21884
21882
21909
21946
21985
22039
21998
21901
21889
22023
21929
22036
21973
21979
22009
22018
21898
22065
21889
21889
21955
22021
21943
22034
21884
21997
22063
22053
22145
22060
22015
22174
21982
22166
21972
22148
21962
21948
21899
21872
21886
21909
22092
22053
22437
22020
21997
21931
22186
21885
21897
21897
21971
21918
21922
21930
21883
21970
22021
21947
22008
21911
21921
21931
21884
21917
21894
21958
21928
21883
22021
22023
21899
21888
21989
21958
21926
21965
21977
21899
21897
22085
22016
21905
22212
22139
21974
22007
22039
22167
21894
21880
22141
21937
22250
21941
21878
22012
22077
22213
21954
21958
22055
22161
22149
22040
21866
21940
21992
21876
21944
21953
21969
21879
22081
21959
21924
22008
22282
22010
21957
21897
21976
21955
22070
22087
22304
22012
22027
22061
21925
21893
21964
22381
21912
21891
21999
27488
22067
21879
21866
21939
22040
22003
21963
21968
21889
22392
21905
21934
22007
22073
21886
21885
21928
21995
22272
22003
21940
22024
22272
21993
22015
21968
22098
21963
21901
21879
22039
22051
21977
21967
21873
21856
21962
21996
22011
21901
21981
22279
21985
21877
21932
22009
21892
21853
21932
21955
21921
21890
21977
21947
21929
22099
21885
22318
21923
22379
21928
21972
22023
21877
22059
21981
22051
22173
21901
21881
21997
21934
21949
22067
21962
21969
21893
21866
22028
22180
21887
21904
22003
21858
21865
21863
21923
21984
22044
22485
22117
21960
21901
21901
21971
21982
21887
21987
21888
22398
21998
21909
21918
22115
22065
22171
21894
21962
22058
22252
21902
21970
21867
21889
21954
21861
21932
21869
22152
22024
22021
21879
22082
21985
22119
21903
21880
21988
21874
21882
22107
21876
22041
21891
21897
21879
21957
22740
22148
21886
21877
21938
33862
21925
21931
21971
21917
21917
22031
21928
22057
21925
22080
21962
21955
21911
21986
21939
21890
22228
21948
22029
21857
21963
21892
21958
22033
21871
21886
21875
21877
22075
21897
21972
22009
21922
21888
21880
21892
12091
22005
22017
21883
21868
21944
21927
21901
22040
21874
21941
22012
21938
22001
21912
22062
21981
21951
21987
22017
21897
21906
21875
22190
21901
21970
22016
21952
22003
21938
21897
20454
21967
21991
21918
21934
21921
21947
22164
22366
22018
21883
21876
22103
21877
21995
21947
21882
21951
21881
21948
21927
22011
21930
21879
21881
21985
22011
22110
22487
22284
22182
21992
22020
22031
21994
21979
22132
22002
21914
22371
22199
23149
21841
22506
26962
28757
27337
22485
21615
21490
21302
21477
22053
21372
21482
21510
21702
21315
21417
21382
21325
21478
21602
21656
21448
21915
21423
21552
21318
21637
21377
21559
21404
21400
33006
22153
21410
21320
21378
21344
21382
21488
21391
21550
21324
21602
21443
21507
21539
21308
21327
21768
21493
21660
21311
21413
21742
21312
21377
21328
21385
21648
21586
21316
21307
21609
7830
21591
21324
21316
21319
21356
21951
21390
21381
21320
28859
27844
37832
25736
26157
25396
24082
24057
24571
24166
27419
26087
25126
24602
23886
23749
22523
22631
27241
24606
23426
24139
23764
23212
22827
23705
27078
22399
23165
22934
24817
23430
22996
22535
25436
23263
22914
26693
23234
23008
22727
23035
22892
22773
23269
24985
23816
23135
24693
22496
23730
22786
24005
22762
22801
24251
23082
22477
22585
22908
23117
22109
22279
22113
22025
22146
22040
22057
22161
21981
22489
22014
22035
21994
22087
21970
22334
22063
22242
22059
22010
22367
22092
22145
22150
22005
21972
22058
21912
22130
22079
21972
22160
21936
24031
34607
25279
27586
27573
29599
28871
28329
30274
25872
26767
27007
28987
28950
27693
26661
26522
27046
26907
26059
27767
28743
25979
27340
28364
26421
27025
28557
28980
29845
28916
32415
27906
29485
29923
28044
30558
29193
28094
28282
28572
29776
29148
27823
28347
28725
28069
30243
27838
30033
27798
30327
28122
28650
29220
28692
29400
29267
27701
28488
28490
28078
29693
29728
27605
29217
28526
29841
28110
28945
29368
28062
27379
28134
28754
28440
29705
28556
29699
28539
28944
28488
28543
28671
28389
29295
29119
27543
29029
28458
30392
28672
30153
29485
29390
32612
30467
32752
33555
39149
31907
29672
27953
30626
30378
32872
69556
29466
28108
28362
29171
29180
29929
29639
26902
28963
28782
29347
27738
30591
28524
28166
31605
29513
31157
28558
29338
27099
26450
26741
27713
26423
28305
28699
25256
26907
27072
28188
28417
29531
26399
26773
28363
29583
26654
27493
28354
27011
28548
27536
28602
28236
30343
30124
29452
28458
29042
28853
29394
27991
30271
36319
31860
31640
30772
30595
29400
29281
30731
29235
33171
31187
29658
34325
31928
32952
30563
30708
31145
33057
31024
31966
27402
35144
32278
29517
33041
33089
37976
31019
29814
30759
30878
29606
37585
31263
29792
32168
29775
30666
29645
32672
27455
27918
35281
28947
28515
28697
27967
29417
29127
27768
28726
28952
29328
28703
28887
28306
29197
28733
29178
28391
26704
28835
26841
27119
28351
28854
26813
27977
28470
25612
25694
27352
28365
27813
28596
27905
27031
27049
28196
25635
27199
27786
28171
28031
28175
27867
26841
28411
28816
28664
28933
28308
28772
28637
28462
28279
28282
28183
27873
27162
28037
27436
25589
25661
26582
27702
27942
28366
28623
28440
28297
27920
29136
27474
28135
27277
31468
32734
30823
29934
27326
28534
29397
29599
28706
27174
33547
29766
27510
29293
28436
26429
22501
23526
23601
22927
22550
23841
24855
22378
23367
22991
24671
24354
23151
22392
22173
22566
24466
23172
25139
22608
60695
28047
22966
22574
22495
25459
23094
24110
23576
28427
24281
24808
28626
23796
27240
33792
33467
30772
32077
36667
30886
37842
29287
29265
29527
32303
36677
29495
30180
28581
26527
30442
29128
29171
30476
29149
31054
30998
29479
28488
28144
28755
28743
29063
28462
28497
29012
28221
28061
28590
28898
28460
28702
29594
28732
28492
26950
27109
25726
26955
28277
53084
47001
27426
25167
28766
40640
28541
23366
27459
40579
30900
23979
21882
21929
21848
21937
21932
22157
21943
21944
21937
21938
21983
21932
21958
21939
21937
21933
22009
21915
21943
21968
21941
21890
21956
21899
21880
21920
21930
21974
21942
21970
21935
21920
21937
21861
21956
21935
21954
21945
21997
34705
22009
21917
21919
21847
21981
21875
21925
21902
21912
21980
21963
21882
21957
21860
21975
21862
21850
21848
21858
21924
21963
21891
21881
21861
21878
21885
21857
21934
21904
21949
21931
21995
21939
21901
21932
21904
21921
22041
21877
21939
21960
21869
22029
21936
21914
21905
21881
21948
21911
21931
21961
21914
21970
22012
21871
21938
21890
21908
21931
21992
21872
21906
21945
21863
22005
21919
21887
21872
21923
21895
21936
21929
21920
21983
21958
21921
21944
21903
23739
26708
25611
25798
25345
25744
26117
26918
27685
28044
28396
28357
27719
28565
28634
28665
27563
28548
26709
27545
28674
28086
25323
26409
27000
26335
27065
27147
26175
27094
27226
26463
28447
27419
28284
28689
27609
28565
29011
28105
28904
26469
26176
22791
27921
27953
22648
21933
21903
21908
21932
21915
32736
21995
21926
22000
21908
21915
21902
21926
21974
21934
21956
22010
22000
21909
21924
21960
21950
22378
21914
21925
21957
21977
22059
21977
21942
22007
22019
21911
21953
21898
21982
22076
21980
21982
21995
21972
21959
21981
22085
22035
21910
22004
21904
21898
21985
22023
22378
21928
21963
21997
21953
21947
21916
22038
22063
22077
21989
21925
21895
21942
22048
21939
21918
21946
21961
21941
22162
21962
21954
21920
21953
21931
21926
22080
21899
22026
22054
22216
22030
21967
22057
22002
22192
21957
21961
21948
21958
21943
22038
22067
22114
21999
22026
22089
21978
22034
21945
22430
22271
22339
22004
22031
21990
22145
22015
22250
21902
22047
22235
21911
22176
23224
23148
22380
22221
22363
22084
22092
22086
22550
21985
22406
21983
22055
21973
22012
22238
21947
22008
21965
22012
22047
22214
22013
21981
21882
22496
22163
21993
21934
21871
22121
29613
25171
22101
21885
21972
21991
21902
21898
21876
21932
21897
21890
22071
21931
21943
21854
21896
21872
22506
21916
21935
21974
21992
22097
21960
21972
21960
21995
21994
21962
22215
22086
21975
21878
22035
21980
22111
21842
21985
21951
21974
21965
21940
21917
21911
22039
21954
21964
21978
21918
21942
21909
22056
21942
21852
21920
22064
21911
21996
21973
22070
21948
21940
21972
21933
21969
21953
21976
21933
21946
21911
21912
22020
21958
21982
21910
21922
21906
21978
21926
21889
21899
21932
21935
21965
21975
21978
21952
21969
21981
21985
21968
21971
21981
21950
21951
21979
21936
21932
21951
22392
21854
17752
21888
21956
22105
22003
21963
21932
21943
21922
22031
21939
21930
21903
21989
21973
21952
22014
21997
21936
21895
22021
22169
21875
21976
21879
21910
21932
21894
21915
21981
21901
22033
21928
21920
21905
21926
21914
21918
21938
21971
22125
21895
30490
22061
21880
21930
21982
21929
21953
21949
22014
21934
21961
21978
21942
21948
21944
26105
22049
21958
21935
21914
21960
21926
22010
21955
21928
21948
22000
21945
21884
21930
22023
21970
21895
22003
21995
23660
26211
29093
27150
27041
30601
31123
29273
26259
27327
26857
28818
30031
29291
27867
27455
27756
29438
28801
29758
27934
27961
28387
28311
28692
28956
28222
29784
28350
28619
28959
28665
28809
29388
29541
28961
29378
28213
28302
29088
28969
29798
28658
30756
28919
28822
29067
29588
31786
29568
29041
28835
29576
28867
30358
29034
29039
28680
28865
30842
29861
29267
29950
29644
28961
28914
28904
28437
28950
28865
29689
28703
28437
28623
28181
28894
28954
29147
36594
29205
30184
30637
29663
42685
31934
28220
30600
28841
30548
30661
28016
28081
28453
28174
27692
29697
29310
29207
28483
30817
33179
29869
30266
30051
30804
29502
28012
28795
29269
28925
28361
28694
29217
30543
30208
30385
30389
29890
27843
26896
26936
26836
29636
29815
27837
26957
27971
27769
27265
26352
27605
51130
54433
43337
26294
26985
28564
32294
30253
30188
29868
30709
30313
27971
28059
28361
28974
29213
29608
29285
29424
28098
28678
28505
28729
32356
31351
30190
30220
30394
30225
29245
29770
29644
28673
30139
35587
30231
30070
29950
30364
30150
29712
29714
27524
27649
28016
29666
28216
28781
38019
27015
28499
25994
27940
26419
27256
29149
28682
27675
30783
27901
27821
28961
28262
28568
28600
28898
28348
28977
28860
28476
28227
28793
28335
29140
28640
29069
29226
29533
28305
28957
28978
28754
28626
29396
29023
28943
28910
28950
28847
28730
28804
28753
29379
29318
28654
28730
28686
28787
28646
29144
29454
28853
28886
29095
28859
29668
29176
28527
29213
29299
28640
28826
28860
29038
29406
28932
28816
29234
29235
29032
29438
28851
29265
29359
28410
30406
30202
28527
31573
31886
30309
29536
28059
29091
29244
29849
29233
29014
28841
28847
29218
29455
29166
29525
29510
30231
30483
28823
27909
27975
32178
29110
29841
28926
29278
30982
35263
36342
31814
29235
30285
30541
30912
29757
30682
30450
30643
31112
29639
29829
30242
30029
29268
29863
30071
29997
30179
30218
30367
30556
30252
29771
29954
31611
30281
28811
28941
29440
29033
29867
28740
29500
27280
17191
28664
28191
28553
28569
28214
28105
29080
29203
30013
29149
29426
29168
29338
29376
29501
29153
29236
30495
29884
30511
27871
28756
29005
29111
27681
29061
28929
29000
28111
27729
26853
26901
28891
26751
28429
29296
28892
28327
28984
29018
28919
28954
29065
28415
28357
28936
28227
28874
28534
28465
28611
28428
29225
28480
28623
29115
28339
29675
28251
28472
29128
29132
38457
29572
27756
28997
29838
32809
29549
30280
30506
30180
30501
31063
30834
28608
29284
29281
29386
30029
30217
30146
30231
30400
30064
30912
28829
29447
30033
30136
30207
30039
30094
30841
32537
27144
30729
31046
31061
30906
31287
31316
30190
27966
30599
30721
30723
30472
30616
31222
31891
31646
31550
31884
31453
31122
30603
30341
31773
33104
36541
36903
33261
32460
32775
28828
30775
30929
31295
31085
31003
30995
30872
29809
30582
29806
30258
30488
30945
29615
26453
26234
26514
29205
27430
28392
28008
26926
28209
28813
29282
29185
26780
27264
31669
52643
54856
28739
33141
27791
28950
28147
35922
35728
31423
30590
30234
28616
29388
29542
29579
34852
30596
37478
26770
30251
27782
27805
32304
28357
27341
27183
27362
27308
28847
29275
29151
28922
29189
28598
29727
29108
28396
29196
28513
29036
28304
28771
28989
28864
28906
29229
29035
29666
28818
30310
28527
28153
28163
28560
28248
29243
28591
28814
29027
28224
28166
29045
29092
29693
29296
28584
28389
28645
28567
32242
29349
29526
29946
29799
28925
29024
29414
28896
30107
29234
29822
30139
29318
29871
29390
29661
28409
28658
29369
29515
28714
28590
27795
28743
28049
26915
27649
27739
28301
27942
28271
27801
27334
28569
28445
28599
28724
28924
28771
29564
45207
29166
29198
28847
28227
28404
29576
29498
29657
29918
29232
30240
30202
30033
29963
29885
30492
28492
29910
29933
29741
30283
29347
29961
29781
29650
29663
28835
29282
29858
30231
29756
29056
30248
30074
30458
29459
30148
29569
29658
29743
29557
29220
29525
29078
29104
29319
29336
28053
28817
29349
29690
28183
30128
30055
30203
29951
29883
29541
29603
29436
29591
29193
29256
29028
29260
29442
29337
29415
28623
28825
29252
28263
27745
28429
29242
28756
29841
28446
28108
29010
30220
28988
32835
53202
54836
25897
26761
27981
32396
31745
30553
29720
28569
28375
28655
31190
30864
36590
28561
29969
28378
28447
37658
28166
29083
28311
29916
30480
28808
29854
30060
29490
28890
29215
29038
28536
28847
29401
28664
28966
28808
28821
29444
29157
28560
29780
30363
30238
30731
30655
30571
30220
30151
30801
30656
30361
30294
30152
30125
30571
30486
30726
30043
29992
30715
30256
29921
30077
30358
29801
29919
30217
30293
30758
29817
30208
30209
30191
29327
29783
30475
30169
29422
30290
30034
29796
27977
30006
30740
30211
30563
30920
30461
29482
30551
30840
30703
32182
30652
31413
32270
29093
27592
27829
28306
28427
28931
28728
28017
28404
30898
29188
29783
30944
29741
29362
28982
29184
29946
28719
28279
28587
28165
29638
28531
28724
96740
27597
29512
29362
29451
29310
27495
34102
31273
29518
27385
30507
28330
29281
30374
28175
29614
28301
30668
29110
28588
28302
28936
29412
28797
28869
28852
28550
27918
29181
27732
28087
26617
27755
26072
26580
28848
30323
31818
27698
30494
30827
33016
33163
37344
39737
33166
30838
33414
35734
37002
31982
30708
27974
33370
31358
35518
30892
30204
30121
29736
29993
29681
27134
28947
28884
28678
29316
29832
29433
29592
28967
28769
28892
29122
29430
29709
29436
29206
29360
28596
28831
28422
29444
29635
28898
29609
28650
29664
29545
29748
30197
29475
29058
27502
28715
30046
30317
30119
48423
28815
30660
29981
30490
30629
31208
30468
28825
27585
29277
29442
29667
29286
29361
29483
28884
29520
30060
27392
29065
29322
29017
29246
29117
29345
28548
29331
28157
29442
29291
28138
29114
29479
29474
29305
28890
29280
29095
28974
28278
28588
28787
28912
29252
28465
28994
28806
28683
28847
28475
28593
27679
29129
29787
29864
29928
29222
29285
28803
29367
29304
29689
29086
30807
30284
30575
29985
28217
29886
29015
28853
28946
29734
29596
29589
29345
28963
28839
29122
29576
29803
29524
29423
29032
28836
27515
28364
29210
28872
29506
30110
29527
29608
28936
29098
29680
28424
27611
27925
29978
29672
30403
32138
30769
38029
30773
30717
29522
31449
30967
30716
32105
29289
28487
29622
29608
30069
29889
29472
29639
28809
29538
29459
29546
29988
29515
29709
28754
29472
29498
29785
29696
29820
29741
27722
28465
28871
29949
29568
30030
29695
29566
29611
29547
30075
29298
29467
29221
29487
29221
29750
29456
29002
29190
28783
27955
28927
28815
28709
30243
29975
30253
29366
29718
29952
29808
29885
30010
30536
30223
27944
30179
29683
29458
29779
30022
30021
30323
29968
29572
29203
29073
27184
30139
30125
29892
29701
29618
29136
28919
29806
28894
29372
29547
28355
29858
30473
29267
30010
29392
29913
28593
29598
28683
28267
28027
30075
29757
38986
28930
29356
29408
29525
29354
28525
29647
29482
29668
29671
30080
30080
30017
28862
29791
29643
29358
28575
29594
31501
30167
29969
30137
29868
30819
30128
29875
29416
30958
29639
29432
27580
30797
29840
29331
22322
22058
22061
21978
21969
21953
21950
21952
21961
21965
22139
21932
22016
22743
22446
22254
22020
22018
21983
22704
21996
22141
22072
22092
21948
22004
22149
22045
22207
22011
22012
21896
22386
22182
22072
22115
22041
22060
22006
21907
22474
22034
22183
22162
21966
21966
22004
22006
22259
22085
21998
22032
22022
22036
22483
22097
22038
22093
22134
22176
22204
21972
22064
22243
22360
22165
22004
22416
22433
22025
22021
22013
22374
21924
22238
22683
22052
22167
22144
22156
22314
22586
22234
22228
22168
21950
22469
8934
22117
22022
21948
22072
21971
21957
32121
22118
21970
22108
22197
22710
22099
22225
22016
22391
22161
22071
22248
22050
22062
23143
22046
21963
22019
22246
22111
22055
22138
22097
21963
22024
22346
22052
21954
21941
21974
21891
21949
21980
21971
21953
22546
22351
22026
21947
22050
21952
22076
22094
22055
22062
25299
28265
27892
27555
27950
27085
27895
26832
27533
26724
29632
29559
29745
28495
28759
29448
30604
30484
33654
42288
31732
30739
32174
31280
29898
34404
29584
34579
29368
32935
29625
53811
58080
56998
46709
27334
26913
27542
29534
27965
27460
27585
28679
27559
26784
28831
28471
27880
27682
27514
27808
27563
27828
28635
27247
28628
28992
53532
54967
55557
55492
57789
94684
34800
31763
28274
26903
30749
27486
27470
26813
29479
28087
30355
29918
26945
30586
30802
20453
39232
28083
46648
45638
38795
31766
30322
30389
31364
37741
30701
31788
27978
29407
27457
27643
27974
29034
29428
29268
27105
51562
34730
37391
26789
25953
26680
29026
26221
27329
27533
29269
26222
28636
27073
27994
27926
26844
27932
29737
28937
29240
28917
27882
32150
28882
32338
37258
30051
28542
29338
28087
29652
34678
28300
34869
29853
31035
29945
32174
29113
30537
32978
33826
28726
27519
33426
38695
36447
28890
30385
41850
30126
34770
32091
34992
31226
30032
86719
30538
30275
33715
33338
34847
30419
30630
32303
31251
32802
33096
31065
29710
33957
31644
34049
32529
36400
33008
35940
33952
51743
33328
33507
34792
31185
32290
35254
37023
30494
30850
34027
31277
33807
35172
32643
33451
30829
28024
28467
26522
27640
28520
28824
28835
28440
28311
28797
29195
29042
29222
24849
28858
29248
29872
29243
30052
30006
30285
30231
30037
29569
29679
28308
30503
29906
30293
30075
29673
29778
28904
28326
30369
30306
29910
29829
29837
29323
28135
29199
29121
28181
28697
29591
29176
39775
52789
32882
27761
35189
30622
28588
29039
35166
27358
25289
29099
29162
29204
29275
27815
28593
29382
27653
37174
32727
27065
29170
29308
28679
17667
28114
26862
26011
29937
27341
28817
23310
22146
28658
32989
29727
28250
28317
28535
28074
28956
30137
30064
30724
28811
28824
28084
29900
30179
31462
32827
32374
22869
29797
29158
28293
28215
29110
28112
28666
28474
27839
29013
28577
30158
28621
28822
28407
28541
28996
29088
28485
28994
28859
28802
28702
30365
29021
28459
28467
28707
29584
28767
30190
28748
29839
28718
30940
28517
28295
32792
29957
32469
28582
28504
29010
30066
29549
27750
28805
28856
27890
28599
28825
28319
31602
28861
28502
28664
28604
28947
28237
37696
29533
29611
28511
28805
28435
28466
28582
28747
29401
28848
28278
29102
28877
28490
30332
29140
29498
29284
28763
28920
27680
28106
29415
27853
27747
29305
27678
26984
26737
32620
28955
28590
28106
28282
28576
31273
27354
28906
27701
28620
28331
28755
28011
28101
28111
28488
42031
28646
27754
26770
28943
28453
28053
29607
28335
28975
28033
27875
29350
29182
29034
28444
29631
28736
28360
31026
29130
28425
28802
28849
28706
28460
28550
28237
27788
29043
29493
34704
35974
31899
29294
28352
32852
34644
45085
31933
36245
56265
40685
38588
34508
35530
30219
29748
31901
31195
28932
33277
52527
34825
28282
29304
28852
29017
30233
30203
29557
30511
29639
28807
29001
28711
27925
29907
29896
30128
29447
30500
28847
28403
27823
27786
27644
27923
29325
29155
28640
29123
27915
28996
28133
28643
29024
28274
28747
28183
29389
29790
28968
29981
28841
28993
28468
28915
29445
29372
30172
28883
30809
30526
29655
28496
30130
29118
29878
30634
29788
28884
30099
29724
29737
30015
29467
29482
29062
29501
29775
30511
28840
28799
30477
30033
30353
29359
31491
31399
37194
30332
31300
30272
29597
30047
30292
31575
29734
29762
33339
32308
45640
33958
30333
34952
31414
33657
31713
32613
36458
41065
37381
32124
34040
32729
31625
31033
32719
32890
27420
34828
32305
33102
30031
30101
31170
27562
32838
30269
31255
29061
30892
28307
32479
32260
30238
31825
32832
30969
34171
34142
31131
31985
29833
27067
29855
29470
27978
29682
29179
31111
27809
27996
31025
29966
26783
26170
26884
25610
26617
26968
25986
26906
26827
4174
30408
28364
27874
27733
27292
27510
27947
27179
27356
28663
28798
27832
26628
29109
28837
28673
29698
27506
29718
30271
29884
34142
31054
31607
30459
30387
30699
30445
30764
30573
30562
31408
30793
30893
30743
31111
29849
31065
31122
30231
28355
29427
35663
29223
29061
28652
28853
28772
29099
29370
29133
28713
28861
28251
28723
29070
29474
29645
29257
29090
31021
33467
30636
31048
31386
30726
29891
30699
30197
30314
30642
31782
31591
30773
31092
31726
31005
31035
30040
31317
28833
31540
31950
32007
31164
32501
30139
30572
30652
30733
30357
30470
31922
31330
31120
30923
31815
30634
31283
31376
31056
28849
27838
29628
29722
30130
29931
30273
30312
30062
30488
30235
30188
30435
30669
30770
30346
30583
30732
28703
29397
29839
28093
28473
29391
28209
27793
28100
28380
29754
31339
29769
29000
29125
30271
29154
30907
35842
30166
31110
28932
31291
4054
35098
138627
31810
30657
32388
34645
28526
30699
33984
32512
29978
30413
29869
30030
30269
33003
31071
31131
30642
31963
30430
30741
31116
30095
28590
29104
29043
29081
29211
29411
29611
47839
34714
29321
29197
31156
39641
31620
30889
42614
36676
33763
32286
29807
31415
111974
36376
31370
34064
37370
40198
37243
29649
30041
30137
30023
29860
29958
29882
30792
30454
30575
31036
30604
30405
30623
30703
28923
28576
29180
28932
28950
29223
29448
29209
29908
27514
27389
28484
28348
28164
28601
28240
28265
29737
28559
28924
29202
29231
29671
29264
29238
29179
42947
29977
28875
29949
30930
30185
32327
30580
31116
31848
30781
30482
29396
28424
29592
29274
29001
29223
29184
29089
28836
28961
28694
29172
29145
29115
27007
27777
28398
27228
29122
29175
28664
28008
29031
27930
28485
28682
29048
29025
29150
28099
28519
29340
29602
29119
28790
28768
28033
27434
29087
28861
29093
28537
28840
29228
29312
28992
29576
28701
29090
28775
28437
28902
28730
29182
28851
29204
29240
29257
29166
29211
29007
29032
29306
30118
29062
28070
29527
28652
28873
27730
28861
29623
30645
33923
30851
29572
30000
30223
30294
30414
30779
31004
30854
30472
30560
30387
29245
28281
29111
29765
29408
30220
39975
30078
29334
29623
29234
30966
29127
28487
29715
33986
33936
31902
32617
33346
31003
31562
32683
29843
28910
29380
29794
29809
29806
30118
30145
30229
29880
30206
29607
29364
29516
28850
29854
30466
29082
29651
30267
30359
30727
30506
30469
30530
30515
30757
30571
30862
30295
29768
29926
29744
29884
29988
29956
29649
30239
30161
29118
29992
30209
30751
30865
30729
30227
30351
30351
30502
30971
30675
30503
30491
29501
30651
30239
30537
30585
29955
30722
30013
29556
29473
29710
30511
28848
33459
35093
36467
36501
36795
35047
29998
31288
29935
30851
30954
30319
30456
30229
28747
28111
29232
29176
39827
29987
30318
30950
30967
30367
30532
30604
31300
30760
30532
30814
30796
30992
29348
29002
29148
28954
29338
30053
29465
29491
29156
29180
29607
29523
29678
29283
30261
29843
29686
30410
29772
29463
29808
29023
30169
29471
29452
29218
30761
29566
29610
29653
29619
29822
29867
29912
30091
29722
29279
29501
29491
30368
29395
30056
29642
29213
29399
29252
28921
29340
28833
29578
29976
28041
31616
30187
30946
30498
30783
30667
30808
30823
30310
29136
30305
30227
30750
30449
30260
30984
30588
30473
30415
30214
30337
30410
30276
30581
30241
30563
30457
30735
30810
30461
30967
30776
30699
30509
30095
30001
43035
29653
29923
30893
29862
30453
29968
30676
30357
29348
30301
30470
29510
28704
29569
30051
30311
30590
30559
30669
30956
30832
30840
30962
30590
30935
30094
31601
30757
30979
30716
30453
30626
30581
30729
28766
29696
29031
29123
29157
29401
29380
29050
29283
28766
28740
28597
29182
29342
29457
28818
28948
28995
29188
28888
29084
29378
29454
29932
28916
29370
29519
29230
29650
29909
29708
29274
29293
29235
29405
27941
29514
29207
29130
29381
29304
29356
29162
29393
29650
29504
29678
29235
28995
29768
29210
28739
29465
28948
29082
29882
29367
29089
28868
28149
34747
29785
27128
27893
29008
31424
28123
28259
28799
63202
30673
30096
30212
33033
32248
30994
28912
31482
29508
28887
28224
31251
35251
34867
36390
40611
31093
35614
35321
33897
33705
38022
32307
32249
32423
31922
37421
30375
36276
32990
35002
36466
34509
32969
37398
34216
34007
36571
38106
34539
34081
37247
40380
32691
28566
29736
28803
28048
24616
27506
27229
28157
28304
29478
31989
32033
31332
32025
30448
30099
33233
33756
33334
32051
29710
30224
29678
31012
31107
29784
30489
35124
29649
28218
27756
26558
35375
30303
29467
29452
29815
31888
32237
30995
28857
31002
29815
29210
29432
28810
29068
29053
38795
29629
29658
29270
30031
30193
29947
31347
32833
33250
36399
30027
34262
31399
30796
30844
31345
32554
30171
32112
33939
34388
32843
32052
31602
31221
32546
30642
29756
31693
30098
33597
38524
28453
29592
29003
28609
28966
28537
29652
29784
30184
29131
29491
31027
29588
31137
29830
30590
31231
31844
31254
30816
31039
30807
31138
31520
31192
31123
31073
30678
30691
30816
30630
30293
28926
29292
29366
28798
28485
28764
29239
29218
29204
29311
29710
28586
29086
29394
29395
28998
29462
28565
30135
29039
29375
29082
29026
29505
29337
29056
29304
29783
29083
29684
29467
29425
28813
29769
29360
41159
29081
28686
28696
29233
29096
28952
29033
29272
29319
28963
29420
29265
29412
29478
29224
29104
28883
28727
28660
29082
29253
28624
28873
29097
28863
28645
29225
29266
29160
29246
28702
29347
28681
27977
28647
28819
28601
29530
30587
30350
31971
29237
28694
28862
28880
28339
28063
28273
30839
31153
30693
30846
30623
28762
34014
31470
30022
31446
29284
30604
28969
29586
32450
29073
33222
29514
28323
28172
31540
32325
32053
31271
29729
29322
29001
28875
30324
29433
31345
30950
32265
34853
29844
28343
29970
30186
29997
29446
30002
29706
29858
29302
29545
29929
30065
29977
29500
28407
29531
29789
44716
39171
33060
37386
34167
30814
35543
30413
30706
31743
37204
33300
36025
28659
31744
30636
31567
37338
30276
30560
35945
30632
30374
28858
29043
29232
30089
29666
29416
29463
29996
30353
33724
31179
27906
35125
33883
29740
29035
32619
31600
34416
33507
30935
34878
29601
31756
33663
31323
29113
32326
31467
28682
36083
31648
30452
29554
29780
30110
32603
29505
31036
33618
28319
28104
28353
28490
28335
29307
27823
28208
28089
29030
27741
29424
29390
28652
27723
29920
28643
28888
28704
29275
28459
29829
28767
27872
27726
29227
28038
27797
28383
29071
29430
28272
28294
28852
38036
28882
28002
29077
29582
28439
28282
28278
28416
28750
28051
27968
27900
29860
28531
27834
30083
29723
29654
29974
29559
29833
29500
30314
29251
29881
29669
28331
29222
30230
30143
28881
29466
28819
31210
29435
29273
40420
54435
47342
26476
27403
27742
28040
28776
28413
28397
27884
27796
27943
27937
27505
27658
28930
40197
39541
29144
30372
30802
31771
31240
31055
32062
31520
31835
31887
31337
31712
30135
31749
30770
30569
30361
30218
29881
28992
28032
28045
29236
29629
28928
29207
29186
28770
28161
29199
28668
28100
28887
29080
28988
28651
28698
29091
27886
27705
28482
34905
41968
44915
34610
38165
38485
34291
26962
26071
26612
29092
27609
28429
26541
27221
28812
31020
29917
32066
30993
32429
31966
29536
28515
28577
28507
28687
28931
28525
27911
27722
27567
28198
27687
28681
28958
29231
28694
29823
28900
28779
35412
44524
37569
32234
28003
34129
28636
27668
28947
28484
31538
30647
27523
28227
27919
28315
28082
28389
29843
29211
28862
28735
29813
28873
28889
29433
28866
28427
30169
30036
32139
29272
28937
29359
29828
29976
28493
29511
29755
28580
29585
29693
29032
29395
28240
27538
27733
28735
27593
27582
27755
32647
29615
29839
30332
31226
35554
30064
30392
29670
28788
30805
34701
38323
73473
32878
31141
31747
32405
30269
34787
30749
29408
29378
33315
29443
32552
34350
34982
35488
28907
30050
28608
28692
29401
29710
29760
29067
28837
28867
6447
28965
29128
28735
28744
31797
41746
28357
32504
37033
36299
30998
31489
33239
30104
39644
45571
34524
29623
33268
26676
26774
32855
37956
34245
42920
36528
30944
30387
28813
31151
28946
30332
29142
29010
28772
29432
29097
30222
29510
29341
29957
28832
29440
28939
29021
28873
29479
28807
29341
28482
28262
28415
30848
29674
30313
28453
28306
29261
28812
33298
30183
28633
29015
28879
28858
30283
30533
30332
7495
37665
29048
28890
29413
29735
30012
29391
30023
30103
28009
28469
27786
29124
28564
28282
28790
29019
29521
28907
28990
28796
29835
28971
28873
29025
29200
28567
29475
29706
30024
29554
29908
29582
29921
29765
29596
29630
29573
29498
30527
30520
29974
29988
29871
30221
29148
30778
31466
39521
30658
31508
29376
30557
30546
30768
30734
29468
31138
31456
31193
30664
31057
31646
28156
28679
27584
27892
28016
29394
30469
29808
29179
29407
30015
31640
37357
30649
31817
29948
30505
30365
29665
30423
30099
31391
31386
31088
30921
31207
31210
30160
28378
29314
28935
31075
29380
29497
29417
28482
29401
30730
29714
72389
35724
32140
32661
32200
32208
28620
30678
28632
30480
30333
29735
32866
31006
34158
32350
33474
31880
33846
30646
42647
33589
31543
35498
40140
35311
31300
31053
30127
30614
30710
30649
30126
30791
31306
31258
30974
30880
31181
31599
29669
31567
37372
30920
31897
30498
30597
30863
30691
30600
31192
30887
31456
31124
31046
30680
31897
27878
27827
28956
29261
29548
29802
29285
29701
30026
29937
30466
30905
30259
30989
30507
30657
28983
29500
29501
29781
30693
29844
28386
29425
27984
29222
29727
29947
30026
30111
30209
29659
31570
34813
37568
31254
30972
30279
30886
40519
30665
29517
31136
31305
31588
30968
31124
31255
31902
28209
28638
28257
28282
28398
28283
28677
28691
27864
28145
31831
31954
29682
111503
86173
37481
34344
36291
29458
36217
32723
33708
33529
39410
30766
38052
34805
33407
40130
33030
36245
31020
31579
33667
29641
29324
29271
29723
30463
29169
29544
30015
29593
27161
27031
28795
29459
27791
29338
28372
29181
32099
29323
29238
30228
30544
35676
30033
32047
30017
36678
31060
31911
31785
36551
32908
40785
33507
33154
30435
29983
37437
28164
28913
28902
29139
29263
29231
29009
29402
29170
29395
37094
27490
27682
28562
28540
28990
28442
28390
28451
28387
28974
28918
28361
28733
29072
28982
29279
28586
29184
29245
29633
29306
29095
28125
28694
28590
28862
29047
28991
28819
29557
29028
28819
28889
29022
28798
28790
28298
29103
28584
28592
27800
29587
29511
33190
30488
30191
30426
30287
29995
30716
31081
29940
29725
29187
29512
29348
29729
29290
29590
30367
29668
30143
29769
29091
32863
31262
6103
31599
30931
28888
29232
30015
30095
29607
30185
30803
29675
29932
29693
30234
32116
29133
29949
30702
30765
30922
30811
30651
30790
30301
29768
29737
30204
30507
30322
30030
30027
30314
30533
31609
31574
30678
30785
31128
30990
30686
29835
30857
30702
30002
29879
30654
31535
33157
36284
35952
36019
32834
30733
30539
31989
31225
31117
27399
30482
29992
30665
30793
30839
30726
30988
31080
30918
30949
29544
29816
30231
30619
30698
30105
30118
30568
29776
30329
30503
30361
30795
30457
29023
28454
31393
29807
29976
30406
30408
30149
30146
30129
29839
29680
29839
29267
29957
30169
29596
29454
29544
27868
31248
31086
30823
30751
30501
30624
30760
30828
30622
30492
30736
30995
30761
30857
30695
30996
30791
30410
30611
30924
29632
30780
30918
30780
30634
30849
30539
30636
30556
30571
30468
30305
30080
30755
30404
40139
30140
30168
28541
28183
30040
30204
30003
30755
31338
30648
30917
30950
31072
30412
31235
31073
31062
31105
30732
30449
28724
28918
29804
29811
29430
30212
29493
29239
29605
29471
29818
28883
29103
29489
29247
29057
30016
29859
29885
29691
29423
29221
29289
28379
29407
29343
29787
29113
29951
29660
29365
28380
29527
29113
30019
28979
29474
29215
29415
29731
28633
28189
29840
29367
29350
29061
28949
29246
29023
28602
29947
30422
29927
30235
29730
29599
30047
29717
29956
30121
30007
29782
28058
27692
34846
33874
33623
33155
30234
30710
31965
29444
27611
26837
31551
30222
32679
32628
32021
31714
30478
62679
39548
34635
32465
33229
35307
31475
36064
32274
30007
27996
29410
29668
29754
29503
30472
30392
29818
30309
30339
29315
28084
27903
28661
28246
28348
28968
28467
27706
33749
33300
29786
30829
36889
35681
32919
29414
32206
32730
29277
32250
34159
33168
28771
29608
28098
28769
43511
29778
30141
28886
31301
29273
30086
28915
31509
28711
31596
28591
31239
30028
29409
29311
30001
29769
29576
29949
28957
28910
29404
28113
27970
27919
28065
30495
41247
45265
28896
31084
31765
28689
30775
31605
33220
33678
31412
32783
28255
29613
36670
32988
30769
31603
27486
27516
32126
35638
71003
35566
28189
28520
30181
29780
29902
29690
29910
29987
29525
30590
29997
29249
29752
30056
29806
29544
29078
27015
30423
29108
35927
44232
44728
29679
27351
26588
28445
28110
28352
28741
27790
28058
28086
28126
28135
33204
35838
30350
31333
31349
31295
31993
31098
31914
31921
31650
30180
30268
31013
30351
29247
28193
28471
29711
29511
30020
29040
29047
29355
29227
29454
28875
29113
29228
29298
42775
36864
27285
43224
26179
26473
29796
28069
29019
29480
34276
26187
27389
27211
29144
28446
29876
29447
31457
30827
28712
29087
28636
29814
29391
33093
29285
28570
28680
29415
29257
29247
28634
39479
28897
30015
29145
29580
28868
30182
28841
29085
29324
29553
29070
31444
29861
29607
28629
28949
29197
29435
31156
29018
31073
29787
29719
29248
28970
32334
30884
29927
29693
29446
30106
29033
29412
28756
29028
28789
29940
32487
28635
28845
32730
28665
29386
28912
29408
29039
28586
30189
28915
29369
30085
29348
28607
28639
29916
29215
28937
29229
28991
29397
29708
29737
29683
30197
29965
28838
27835
29366
29309
28773
29756
29158
29862
29551
32437
32321
29850
30684
29916
30945
30819
27058
30975
28805
29215
29065
28964
30030
28376
29095
29834
30939
29720
29466
29614
30334
30309
30406
29558
30261
29532
37524
29039
29541
27223
29194
29257
28927
30049
30321
27660
29135
29253
29086
28408
27001
27334
28124
29206
28789
28719
29046
28480
28763
29629
28784
28891
29560
28584
28901
29405
28970
30597
29715
29092
29879
29173
29562
29182
29894
29411
29927
30564
29038
30086
29872
29145
30344
31157
29654
31006
30565
30029
30539
30492
31009
30720
31252
30377
32161
30897
30042
30384
30826
30706
29831
30484
30217
29268
30290
30518
30444
30356
29569
29079
30289
30914
30934
30709
30814
31019
30808
29951
27899
30453
30967
30999
30831
28980
30159
30429
29926
29105
29954
29804
29377
29667
29522
30167
29732
29628
29501
29952
29552
43701
29027
29160
29090
31700
30055
29163
30412
30826
29365
30582
29263
30139
30379
29925
29816
29958
29664
29738
29832
29950
28998
29956
29807
29530
30350
29556
29788
29199
29137
28958
29100
29869
30667
28645
29583
29179
29369
28521
30025
28382
29887
28582
30425
30180
30273
30398
27562
29571
39779
45540
44607
30685
28006
27585
28106
28634
38088
30017
31723
31953
30809
27891
28473
29634
29270
29147
28975
36887
32205
41596
27768
26866
29025
28786
26306
27401
26665
27213
27623
27979
28108
29555
28513
28050
27270
27219
27825
27672
27876
28703
28948
29128
27489
49482
49872
29960
29232
31539
29131
26388
40653
27617
27163
29833
26966
28634
28092
27772
27695
26898
32044
32170
32416
27975
7455
29166
31575
30106
28600
28139
34163
29455
30377
31246
28863
33264
30697
30300
31646
29501
30304
37420
47167
47810
53183
47525
46595
33444
34377
28439
31391
26329
31636
29113
27348
32383
30029
26934
28155
29479
28432
28157
28503
28092
29291
28708
30880
30669
28315
30349
31127
28452
29012
31079
33591
29655
29736
28368
28812
29587
29197
32507
30749
29927
29949
28771
29265
29643
31435
29089
29219
28948
29817
29997
29802
29053
30119
29211
29087
29471
29536
30106
28883
29555
30766
28887
29695
30170
39186
29283
29484
28937
28956
29274
29493
31456
28916
30272
29796
29413
29465
28761
32347
30629
29353
29600
29313
29674
29589
29888
28826
29214
29671
31184
29588
29144
32477
28334
29051
29494
29457
29197
29582
28600
32553
30188
31389
29552
28710
29223
30426
29038
30337
29006
29053
29304
29160
30286
30547
29097
29068
29295
30473
29958
29940
28106
28783
28822
29861
29546
29947
28492
28906
29168
29795
29781
29694
29524
29593
30099
30517
29675
30700
30066
29771
31369
39721
32750
31203
30295
29669
30712
30094
31052
31066
30760
31237
28742
28172
27776
29746
30443
29018
27601
29099
29000
30211
30571
28871
28092
41892
29793
29153
28470
29412
29271
29209
29109
29673
30117
29718
29725
28568
29541
29106
29619
28920
30795
35228
30855
30609
30240
30604
30896
30367
31672
31073
31457
31224
31214
31217
31501
31651
30881
31475
28236
29668
29287
28926
30052
29202
28285
29614
28255
29091
31669
41057
31424
30369
30599
30638
30043
31523
31457
31300
31275
31198
31309
31702
31435
31141
31365
29368
30804
31385
31525
30296
30671
30789
31118
31734
30789
31567
31406
31429
31375
32010
31427
30543
30125
27563
29146
29765
30008
29600
30405
30438
30143
30256
29378
29736
30667
28798
30046
29274
29427
29189
28996
29943
30476
45886
31025
30573
30606
30762
30951
31731
31466
31067
31353
31272
31339
31624
31515
30788
31532
29074
29649
29367
30142
28942
28348
30534
31786
31809
30393
30729
30869
30882
31623
31064
31305
31008
31344
31663
31306
30741
31105
29296
29476
30336
29873
27204
27542
28850
27928
27819
27747
27779
28621
29928
30229
31182
29276
28843
29132
29280
29324
29404
29355
27134
28741
27609
27831
28771
28663
28715
27938
28917
29250
28674
28698
28698
28595
29357
29078
29113
29074
28986
29181
28977
29326
29091
29042
28087
29939
31792
30034
30526
30108
31136
30186
27944
28807
29051
29197
29115
28826
30287
30023
29729
29664
29406
30200
30900
29620
29139
30437
28623
30179
30189
7221
30577
30652
30401
29751
30681
30288
30502
31385
30753
30560
31350
30954
30443
29524
33523
32275
31673
31114
30118
30555
30687
30580
30727
29095
30346
30351
30116
30197
30115
30357
30537
30039
30588
30653
30439
29111
29290
29714
29676
30784
30735
30863
30726
31234
30879
30771
30673
30651
30493
30426
30668
30711
30670
29905
30005
29365
30004
29958
30566
30709
30506
30503
30833
28729
30664
30051
30463
30240
30124
29867
29989
29937
29957
29056
29823
29941
29980
30197
30009
30073
29860
5588
29853
29799
29826
29751
29769
29869
30121
29629
29688
31025
30410
29935
29737
52027
30174
29320
29679
29966
29380
29430
29332
30304
30212
31221
31377
31004
29031
28013
30084
29186
30345
30711
30555
30686
30824
28719
30476
30190
30422
30540
30073
28615
29768
30008
29924
29884
29773
29680
29917
30014
29986
29006
29882
29665
29450
29338
29696
29630
29702
29653
29942
30055
29623
29826
30766
30564
29854
29682
29762
29752
30033
29730
29644
29735
29543
28545
29225
29076
29692
30393
29982
28552
30360
30813
28912
28459
28142
28449
29219
29156
28076
27861
28878
28767
28307
28182
28161
28012
29492
28145
28649
27961
27564
28268
28532
28370
29517
30444
30164
30087
30332
29395
26347
18503
29263
41887
58834
39249
26454
27897
27939
28194
27426
28480
37466
30982
31595
31660
32254
30350
30808
30082
28444
28838
29155
29612
29250
29002
30181
28445
29666
31479
43538
26564
42269
26488
26085
27664
29436
26626
27579
28775
26534
26925
27972
28930
29513
29089
27707
28455
29354
29030
31197
28580
29265
29381
29556
30063
29807
28123
28283
29160
29924
29170
30095
29557
29673
29869
29625
28224
27539
26680
28471
28762
29243
28441
28981
28918
28406
28002
29510
29850
30211
30340
30069
30082
30253
28686
30463
30170
29569
29217
29202
30388
30173
30205
29914
29142
30180
29938
28625
29665
26591
41068
53872
41859
27438
46453
29026
27934
34810
28842
27270
28956
26656
29602
27914
27027
28132
28726
29373
29112
28497
28352
29265
29302
31584
31811
28566
28400
29622
29019
29512
29142
29174
29018
29249
30480
29358
28826
29120
29715
29190
29601
29805
29833
28854
28907
29564
30060
29766
29694
32792
29550
30190
30773
29304
28689
29823
30739
30534
30863
30080
29649
29581
30109
29825
29923
28509
28198
28938
29373
29663
30330
28453
29041
29240
27862
27667
27895
28659
28927
28112
28894
29389
29496
29314
29498
29091
28174
29761
29911
30303
29040
29900
29747
29897
29788
29487
29568
29198
29737
30352
31030
29885
30508
30456
31348
30672
30340
28658
42339
29982
30627
30502
30638
30454
30078
30363
28573
30157
30339
30164
30592
30808
27224
30639
31001
30667
30698
30533
30171
29169
30167
29955
30166
29962
29902
29602
30163
29917
29590
29159
29117
30386
31269
30074
27443
30110
30925
31115
30224
30459
29669
30087
29995
29110
32606
30182
30119
29716
29645
30183
30013
29716
29544
29536
29098
29818
29366
29302
30027
29571
28422
28237
28445
28010
28140
28022
29286
27418
29132
30513
30108
27021
30250
54262
53506
31785
27111
27856
28577
34555
31499
31620
30699
29264
28873
29212
13514
29589
35841
28167
26535
27179
30279
27084
27645
30206
29696
30321
31466
27857
40052
26479
28055
27677
28234
27494
28172
28979
32471
30947
34087
32882
30913
29360
27865
28839
28272
28025
28530
29710
28635
29584
28782
29345
29769
29084
28934
29425
28652
29495
29313
28718
29262
29030
28803
28913
30130
32939
28930
29174
28932
20127
29396
28961
29322
29342
28993
28963
29450
30092
27778
28905
29370
31587
28348
31689
29650
30046
30660
29619
29603
30551
29781
28440
30354
29890
29881
29114
27735
28241
28873
29307
29996
27881
27940
29280
27114
28122
27933
28011
29112
28883
27212
28138
26979
30279
29103
28939
28722
29657
29591
30439
28950
28400
29190
30143
28161
29473
29090
29466
29922
30312
29300
30259
37775
31026
30506
30430
31147
27532
30546
31062
29288
30292
30410
30250
30090
30202
29269
30334
30017
30559
30682
30557
29064
30123
29577
30738
28975
30574
29701
29769
29732
29805
29829
30140
29732
29684
29294
29788
29737
28725
29027
30025
30456
31219
27961
30377
30415
30762
29776
30515
29830
29833
29500
29766
29721
29937
29904
29729
29349
30772
29937
29440
29063
29038
28505
29070
29287
28860
29880
29214
28791
28948
28236
28068
29790
28441
30172
30172
29832
29132
44425
41529
26605
27263
29121
34424
35278
31411
30282
29633
28038
28909
29141
28357
34327
29456
26240
30198
28258
30252
28819
28474
28752
32971
39217
29216
29949
29443
29428
29917
30914
29134
28986
29555
29266
28927
29220
29587
29599
29980
28993
29507
29347
30052
29405
29451
29515
29774
29461
29462
31749
30852
30124
29990
29488
29384
27844
28992
29008
29125
29921
29214
29544
29546
30023
29632
29945
29311
32970
30588
30250
29639
30979
29643
29266
29734
29705
30097
31277
30183
30319
31373
29240
30634
30656
30451
31132
29589
29538
29972
30069
29510
30047
29801
29984
29984
30525
30380
30313
31004
29955
30507
29681
30752
30959
30533
30990
30521
30039
30010
31015
30179
30457
30919
30959
29695
29044
31179
30433
30766
30294
29667
28692
28597
28786
30074
28295
29545
28204
26508
28131
27158
28376
27813
27899
29272
29126
28665
28682
28217
28891
29327
29634
29969
28326
29467
29867
29479
29433
30158
29610
28414
29123
29800
29840
30164
30854
30590
30210
31055
30180
30605
31122
30236
29691
29006
30411
29873
30198
29145
29848
30153
30880
30722
30454
28780
30440
30152
30690
29891
30157
29979
30001
29223
29742
29801
29832
29425
29362
30054
29501
28757
29143
29639
30260
29844
30646
29806
28882
28921
29128
30174
30465
28015
28864
44680
44552
38810
26595
28014
26599
26809
27665
42838
31220
29282
29823
27197
29672
29475
27714
38903
28695
26153
26732
29544
26316
27334
37096
26948
28936
33579
29769
31531
29358
27639
28395
31024
28907
28724
29322
29003
29443
29127
29454
29523
30129
29284
29060
29555
29930
29966
29875
29554
30456
29084
34520
29032
29729
29273
29387
28834
30159
30357
32729
29627
25114
30011
30277
30948
28541
28991
29046
29281
30068
29622
29640
29397
29519
28976
29049
29925
28913
28625
29912
28629
28773
29543
29667
30917
28667
28530
28819
29955
29255
28682
30705
28630
29607
30290
29821
6330
28921
30186
30233
29980
30524
29272
29275
28668
28786
28751
29129
29095
29228
29581
29341
29693
30158
29707
29571
30448
30487
30033
31533
38026
31185
32096
29359
30583
30437
41137
31718
31622
31550
31226
31509
31262
31896
29625
29191
28657
27819
28531
29468
29181
29767
31591
38607
31124
32402
30199
30589
30548
30547
31792
31166
31162
31308
30699
29654
29515
29268
29507
29738
29251
29539
30055
30115
29789
29807
29681
29879
30233
31612
35809
31351
31427
30552
30709
29435
31176
31875
31244
31221
31015
31528
29912
29091
28915
29689
29133
30557
31840
34476
31609
30802
30541
30088
30332
31603
31208
31495
33473
32267
30359
35308
30764
45337
29148
36357
30478
32099
34305
34989
32492
31054
27486
30266
30191
30340
29198
31868
31820
32657
32817
40768
68438
35007
32595
31351
31616
29661
29985
29516
30158
29965
29961
30071
30375
30213
30115
30590
30187
29517
29543
30111
30279
29679
29028
29398
29784
30622
30281
31113
31491
39567
30887
32102
29897
30715
30732
30577
30790
31583
30720
31104
30954
30777
30403
29328
29547
29557
30024
30053
29137
30264
30508
28465
28300
29067
29923
29367
30129
30636
31202
31867
42716
30520
32053
30792
30695
29526
30552
30300
31621
31087
31347
31267
30981
30600
29842
29614
29337
29530
30112
29864
30030
30336
28871
28599
29151
28905
29750
31455
31516
33219
31396
31218
30624
30561
30478
30267
30861
30795
31163
39775
31279
30062
29551
29398
29443
29639
29958
31538
28471
28864
28484
29610
29051
27444
28649
28550
29037
28482
30075
29090
30730
28646
29085
29024
29214
29317
29140
29237
28264
26983
28388
28224
27362
28383
28177
28734
28850
28553
29051
29131
29114
28881
28890
29067
29277
28641
28664
28662
28862
28299
28962
29080
28824
28924
28592
28384
28707
30524
30501
33143
30971
30100
29741
30244
30907
30406
30175
28689
29266
30670
29938
30032
29940
30025
30107
32074
30755
28987
30161
29568
30419
29829
29384
29711
31483
28706
30558
30952
30521
31284
30324
30751
30347
28710
30156
30202
30063
30282
29982
30117
30388
31311
31590
43393
30870
31339
31450
29223
31117
30315
30290
30202
30772
30835
31663
36302
36323
34464
36430
33236
30660
31797
32402
29946
31088
30449
30657
31056
30591
30331
28611
30055
30169
30346
30275
30103
29837
30145
30693
30864
30527
30982
30725
30717
30801
30509
30600
30957
30677
30503
30783
30549
30645
29784
30446
29850
29973
27155
30071
30209
31246
31254
31004
30643
31237
31209
31004
31087
30843
31046
30597
30512
30862
30863
30180
30794
31020
30690
30947
30727
30373
31150
30678
31044
30018
30543
30764
30890
30965
30813
30080
30207
30558
30741
29773
29537
30837
31513
30249
30703
28927
28135
30371
40465
30578
29378
30522
30566
30489
30222
30955
30612
29888
30033
31146
30258
28715
29105
29781
29332
29475
29512
29465
29511
28439
29646
29003
28506
28523
29165
29925
30977
28926
29501
29240
30741
30236
30023
30100
30130
29288
29103
29222
29269
29438
29590
28797
29552
29470
29855
28089
29607
30034
29744
29262
28124
29460
28849
29394
29515
30766
29183
29044
29111
29490
28542
29144
29124
29160
29247
28614
29451
29899
29515
29488
28426
30070
29767
30120
28846
29885
29977
30281
28642
28633
29722
29842
30136
29866
29917
29954
29749
29414
29549
29687
30002
28996
29669
29831
29942
29397
29809
29261
28900
29396
29960
29646
30102
30223
29566
29924
30059
29778
29754
30328
28449
30707
22354
31018
15453
30406
31090
31157
31064
30145
30671
30146
30873
29795
28321
29574
30253
29759
29509
29360
29693
29535
29351
29738
29757
30335
30055
29806
29810
30284
30257
30030
29960
29764
29525
29531
29033
29361
29944
29959
29948
29654
29828
29822
30184
29468
29336
29660
29740
29395
29789
29484
29260
29427
29711
29725
28936
29899
29904
29885
30127
29993
29965
29763
30258
30128
31789
31470
29673
29989
29673
29842
29748
30025
29865
29711
29912
30114
29664
29561
30078
28857
29699
29858
29779
29759
29797
29394
28918
29080
29344
30580
29283
28986
29599
30245
40066
28593
7689
30001
30864
30528
30241
30932
31022
30863
30295
30372
30724
30186
29409
29531
30112
29862
29974
30148
29416
29303
28996
29598
29195
31005
29984
29832
29084
30012
30399
30612
29669
30114
29300
29191
29451
29126
29346
29108
29585
29865
29842
29796
29353
29612
29215
29363
28978
28945
29197
28841
29228
29204
28359
30170
29571
29357
29168
28918
29079
28959
28268
29239
30077
30101
30028
30162
29465
30029
29728
29976
29709
29552
30776
30116
29169
26506
28223
29672
29343
29554
29932
29774
29458
29416
29598
29126
29232
29369
30076
29918
29603
30069
29813
29635
30263
29031
29681
29377
30130
30595
29536
29780
30286
38230
29922
29490
28805
29235
30072
28707
28414
28752
29411
30513
10795
29987
30041
29280
30004
29796
28577
29051
29438
28995
29907
29302
28003
29459
28022
29409
29877
30120
28418
29286
28913
30329
30203
30016
29923
30321
30338
30340
30658
30780
29822
29520
28096
31611
30205
30172
26398
27662
27967
30164
30688
30684
30310
30206
29440
30373
30519
31131
30625
30350
30478
29944
30469
30294
30301
30252
29904
30413
30621
30612
30227
30673
30362
30427
30504
30356
30228
30325
30689
30110
30647
30576
30383
30386
30323
30232
30291
30530
29787
30214
30718
30162
30362
30302
30653
30629
30176
30291
29983
30386
30348
30442
39445
41947
38637
27431
27431
27007
27931
27990
27883
27758
27192
27529
27851
28038
34518
33894
31256
30333
31113
30797
31480
32217
30478
30456
30807
30705
30868
29258
29043
29280
30028
29242
29275
29500
29334
29830
31873
29556
28234
25983
27764
28964
29861
28114
29103
26985
29542
27325
27609
28656
29085
28376
29244
28686
29745
29111
29659
29805
29158
29266
29671
29638
29469
13152
29062
29630
29885
29936
30109
30068
30018
30460
30210
29504
30299
30102
32766
29832
30287
29990
29643
30622
30220
29862
29642
29756
29000
29051
28498
28710
29405
29690
29787
28735
29876
30027
30752
12660
30614
30537
30040
30698
30566
29777
42947
29295
29966
37952
29307
33612
29608
27298
29496
29844
30763
30317
30562
30502
30312
30254
30962
30158
30134
30229
30362
31108
30542
30575
30549
30701
30497
30440
30727
30657
30587
30358
30578
30448
30393
30585
30378
30532
30667
30518
30255
30059
30427
30397
30372
30497
30175
30416
30295
31108
31252
30460
31574
31374
31297
30813
30549
30500
30521
30338
30891
31271
31014
31165
31252
31448
31252
31357
31499
31259
30861
30326
30615
30851
31148
31479
31210
31194
31486
30999
30845
31296
31580
31119
30732
31364
30879
31310
31240
31713
31242
31428
30827
30858
31055
31177
30902
30448
30901
38062
31898
30929
31184
30060
30528
30501
29943
30860
30573
30883
30559
30544
30392
30378
30450
11248
30527
30666
27834
26806
27234
27951
38451
39749
28725
28251
28097
26682
26937
27227
27744
27665
27910
28087
28021
27891
27659
28465
29630
29475
29819
29683
30087
29004
30812
30216
30010
30806
30543
30871
30452
31322
31072
30615
30768
30131
30397
30806
30848
30289
30589
30497
30358
29594
30481
29241
29673
30286
30772
30217
30505
30439
30397
30460
29920
30503
30297
30383
30303
31228
30379
29845
30554
30277
30213
30949
30766
30186
30477
30797
30446
30297
30473
30699
31773
30304
30885
30183
30363
30359
30152
30212
39328
30250
29760
30189
29744
29572
30434
29941
29576
29749
30194
30248
29797
29960
29875
29869
29768
29794
30075
29871
29739
29444
29649
29827
29671
29684
30013
29599
30050
29697
30163
29366
29598
29796
29548
29876
29631
30120
29805
29629
29736
29516
29910
30037
29830
29624
30138
30098
30025
29816
30172
29756
29860
30018
29854
30038
29616
29970
30409
29830
29705
29867
29809
29788
29867
29821
29906
29303
29760
30423
29385
29871
30197
30017
32284
31128
29910
29957
30074
29776
29972
29666
29785
30416
29598
29611
30275
30003
29902
29957
30223
29697
29944
29809
30223
30037
29570
29565
30110
29699
29917
29394
38575
30056
29979
30004
30069
29856
29881
29743
29943
30047
29746
29541
29926
30030
29872
29707
30004
29880
29762
30103
30123
30078
29754
29892
29765
30154
30237
29922
29989
30110
30138
30017
29532
29777
30424
30288
30146
30292
29687
29529
29692
30023
29712
29998
29789
29954
30067
29760
29751
29791
29867
29968
30074
30257
29786
29645
29845
30012
30045
30762
29927
30239
30630
29899
30389
30337
30019
29524
29884
30162
29995
29965
29576
30095
29713
30062
29695
29833
29901
29908
29721
29743
30169
29912
29735
30085
30032
29450
29372
30024
29756
30321
29720
30805
30011
29987
29426
29898
30010
29416
29420
30159
30214
39229
29521
29927
29975
30008
29928
29937
29348
30139
30282
29765
29926
30034
29952
29648
30083
30042
29941
29992
29796
29809
29995
30029
29868
29700
29689
29441
30121
29854
29871
29788
30129
29998
29837
29842
29937
30055
29467
30139
30065
30103
29519
29886
29720
30140
30440
29791
29679
29758
29908
29530
29864
29967
29510
29713
30010
30151
29943
29631
29808
29803
30165
30145
29928
29766
29945
29954
29864
29605
29702
30121
29933
29705
29834
30193
29820
8859
30234
29816
29882
30251
29728
29923
29846
29834
70338
28758
26770
26553
28867
30058
29776
29889
29851
30000
30097
29685
29948
30033
30055
29971
29837
36731
30082
29894
30094
29872
29887
29874
30010
30018
30336
30188
29571
30141
29771
30256
29939
29797
29949
29787
30133
29768
29588
26326
25637
28916
25376
27451
25722
25788
27591
26713
27396
28881
27902
27841
27272
28081
28819
27975
28569
28299
28956
28572
30091
28014
28804
28355
30728
32424
29480
30209
29126
29488
29097
33126
30337
30357
29503
28828
28066
27289
28611
28210
28346
27766
27621
27955
28188
28678
29255
29524
29376
28823
28557
29917
29233
35873
42151
44831
28540
34712
28875
27564
33349
26635
27870
26229
30490
27474
27424
29224
28056
28532
28902
30097
29437
30005
29266
28157
28607
28401
28884
28172
28149
43997
30100
30131
30637
28665
29250
28612
28781
28328
29254
29180
28777
28520
29934
28958
29048
29646
29095
28566
29204
29295
28129
29259
29503
28949
28826
29463
29041
27026
31518
29634
28456
28579
32013
29311
29660
29658
28566
29051
29608
29996
29490
28939
29006
27927
28186
29544
27403
28233
26504
28249
28439
27560
28560
28018
28411
28012
27996
28930
29487
28373
29157
29188
28998
28571
29182
28716
29506
30455
29908
29705
30055
29990
29733
29570
29751
28720
29998
30579
29627
30250
29948
29763
29560
29579
29630
29051
29389
28909
28308
29646
29117
30066
30146
29558
29424
29607
29274
29650
28924
29024
28829
29841
28332
