25587
38404
36344
28316
26146
25235
25176
25161
25127
25210
25171
25172
25088
25179
25149
25168
25123
25139
25085
25146
25096
25147
25054
25098
25102
25110
25084
25127
25038
25143
25015
25159
25063
25101
25048
25133
25042
25054
25092
25108
24988
25079
25043
25066
24985
25097
25007
25073
24995
25110
25021
25054
24978
25061
24988
25084
24981
25085
24987
25032
24974
25028
24961
25113
24919
25037
24949
24983
24974
25008
24973
25029
24942
25021
24943
24960
24947
25044
24972
24982
24907
24996
24912
24954
24917
24989
24917
24949
24928
24986
24882
24985
24901
24963
24929
24985
38856
34203
24907
24910
24826
24929
24875
24974
24821
24954
24910
24916
24841
24950
24860
24886
24837
24951
24841
24956
24888
24932
24841
24862
24876
24817
24776
24856
24870
24899
24818
24898
24788
24906
24779
24890
24746
24889
24807
24921
24813
24857
24743
24905
24805
24826
24799
24811
24773
24868
24715
24834
24795
24855
24725
24782
24755
24814
24764
24781
24730
24787
24770
24774
24756
24822
24692
24756
24708
24784
24719
24771
24673
24796
24710
24788
24772
24755
24695
24799
24665
24761
24695
24737
24670
24753
24694
24786
24681
24733
24635
24738
24647
24753
24650
24732
24695
24708
24622
24681
24661
24705
24603
24687
24665
24702
24676
24697
24676
24671
24617
24693
24590
24657
24593
24697
24594
24660
24560
24731
24559
24676
24586
24671
24616
24647
24591
36805
33970
24663
24587
24659
24547
24656
24517
24610
24498
24619
24576
24579
24550
24635
24593
24599
24499
24575
24488
24580
24548
24545
24535
24553
24604
24594
24510
35343
25248
25214
34226
24540
24507
24581
24464
24583
24489
24537
24478
24564
24478
24472
24432
24553
24450
24525
24445
24564
24447
24521
24395
24538
24423
24551
24429
24516
24473
24544
24442
24513
24444
24546
24498
24509
24412
24493
24400
24492
24348
24450
24404
24459
24375
24380
24369
24443
24381
24435
24408
35137
34868
24463
24380
24415
24370
24412
24395
24426
24337
24433
24347
24434
24327
24412
24356
24341
24290
24383
24302
24412
24314
24353
24300
24415
24299
24355
24328
24362
24336
24366
24312
24360
24299
24328
34492
25046
25042
25076
24977
25079
25011
25119
25148
25030
25078
28491
25163
25120
25111
25178
25091
25168
25011
25171
24906
25209
25360
25402
25107
25441
26033
27713
26992
26823
30989
29382
27922
30814
32319
29266
30894
28825
30060
29826
31626
31295
31532
33398
31579
33652
32753
31279
29422
32908
30686
27619
29272
30129
29227
31819
31007
31780
31091
32420
31894
31544
31427
31927
26524
28940
29680
30616
29685
44096
52717
44959
33464
53688
27142
26349
24972
25037
24843
24926
24934
24855
24868
25534
24884
24987
24809
24836
25028
25032
25245
24998
25089
36063
24205
24191
24038
24232
24052
24195
24138
24154
24113
24070
24006
24141
24150
24142
24074
24208
24036
24109
23963
24135
24022
24112
24035
24040
24016
24067
24092
24063
23995
42864
24060
24043
23952
24108
23938
24114
24069
24075
23957
24014
23942
24027
23925
24059
23939
23989
23971
24004
23890
23952
23897
23980
23918
24152
24175
24429
25185
24442
23983
24071
23976
23968
23911
24123
23918
24017
23894
24042
23957
24178
23972
23945
23895
24077
23913
24002
23940
23989
39241
24636
24646
24678
24735
25398
25951
24676
24552
24647
24692
24816
24736
24663
24620
24663
24523
24584
24563
24671
24563
24665
24542
24625
24582
24886
24468
24550
24475
24615
24505
24591
24617
24618
24628
24566
24494
24685
24506
24984
24674
24803
24400
24658
24520
24886
24785
24651
24742
24564
25324
24725
24550
24705
24368
24545
24529
24477
24404
24543
24409
24739
24359
24611
24508
24713
24375
24642
24312
24433
24405
24525
24425
24588
24315
24512
24349
24396
39581
24651
24733
24566
24337
24509
24313
24411
24346
24542
24846
24543
24739
24782
24316
24668
24677
24510
24279
24481
24292
25350
24593
24538
24302
24502
24710
24520
24267
24325
24383
24486
24273
24355
24237
24474
24256
24322
24293
24484
24458
24360
24271
24310
24209
35448
23525
23620
23479
23557
23516
23566
23490
23612
35032
24508
24766
24467
24365
24412
24735
24659
24307
24295
24170
24712
34794
23464
23526
23463
23459
23459
23501
23463
23451
23473
23458
23417
23435
23414
23458
23483
23436
23432
23412
23456
23438
23425
23475
23447
23415
23424
23400
23460
23416
23439
23422
23432
23385
23420
23404
23384
23354
23362
23397
23395
23417
23399
23398
23398
23367
23347
23376
23321
23388
23365
23359
23330
23403
23317
23347
23351
23400
23374
23350
23338
23340
23321
23365
23306
39475
32810
23362
23347
23311
23271
23335
23298
23349
23270
23310
23308
23304
23273
23246
23265
23264
23305
23233
23306
23306
23254
23272
23248
23267
23262
23224
23284
23290
23223
23254
23261
23247
23256
23221
23266
23220
23305
23238
23300
23200
23207
23190
23207
23224
23200
23241
23157
23211
23165
23183
23176
23140
23187
23215
23174
23251
23179
23192
23183
23233
23131
23179
23138
23166
23222
23160
23129
23141
23121
23134
23178
23232
23138
23095
23140
23162
23122
23137
23129
23154
23090
23121
23117
23074
23108
23092
23113
23146
23040
23081
23071
23121
23064
23068
23013
23035
23061
23038
23094
23125
23075
23074
23071
23093
23061
23124
23032
23138
22985
23116
23029
23130
23036
23068
23058
23027
23027
23093
23054
23053
23009
23030
23000
22978
23010
23034
23022
23051
22986
22971
22978
23001
22966
23014
22992
24427
22931
23009
22971
22957
22996
22994
23016
22976
22887
22932
22974
23016
22916
22911
22926
22957
22954
22925
22892
22933
22930
22918
22939
22950
22901
22919
22894
22965
22909
22930
22883
22924
22864
22867
22873
22879
22850
22931
22894
22887
22849
22897
22848
22885
22876
22896
22867
22852
22857
22837
22890
22884
22796
22873
22816
22854
22848
22811
22815
22840
22837
22822
22803
22803
22789
22829
22804
22828
22794
22813
22786
22825
22793
22821
22760
22775
22809
22813
22784
22809
22754
22755
22751
22768
22757
22729
22767
22812
22721
22764
22766
22749
22742
22770
22739
22714
22752
22720
22686
22778
22710
22742
22668
22729
22712
22745
22690
22722
22730
22732
22704
22737
22727
22671
22730
22709
22705
22737
22693
22703
22701
22684
22684
22671
22614
22694
22669
22755
22690
22618
22621
22684
22609
22623
22618
22656
22621
23893
22668
22627
22641
22584
22629
22619
22614
22640
22642
22607
22567
22578
22602
22633
22630
22611
22573
22646
22602
22530
22565
22562
22539
22538
22581
22564
22585
22567
22540
26182
35677
23185
23266
23180
23202
23263
23237
23253
31837
22590
22539
22554
22534
22502
22535
22509
22526
22483
22477
22545
22468
22534
22503
22533
22501
22499
22460
22492
22470
22517
22459
22463
22474
22483
22451
22495
22448
22478
22413
22519
22469
22489
22452
22462
22432
22426
22438
22456
22413
22461
22416
22441
22458
22396
22417
22455
22389
22409
22389
22393
22408
22427
22422
22386
22398
22401
22451
22419
22453
22354
22367
22413
22387
22358
22351
22351
22349
22332
22342
22383
22349
22365
22348
22352
22289
22390
22307
22359
22361
22285
22344
22324
22302
22323
22286
22315
22295
22288
22287
22301
22305
22348
22282
22300
22294
22317
22301
22262
22246
22310
22259
22327
22240
22262
22224
22302
22271
22288
22289
22284
22246
22334
22278
22249
22235
22253
22242
22301
22270
22199
22233
22226
22223
22226
22222
22271
22215
22258
22178
22204
22161
22212
22175
22269
22133
22207
22171
22224
22221
22154
22169
22186
22116
22173
22157
22173
22156
22168
22173
22162
22172
22182
22126
22166
22132
22185
22074
22133
22139
22122
22107
22176
22121
22126
22145
22164
22137
22127
22122
22062
22113
22113
22118
22108
22076
22089
22085
22099
22114
22051
22066
22111
22093
22048
22087
22075
22071
22086
22090
22046
22048
22052
22007
22093
22063
22031
22016
22064
22000
22048
22038
22062
22011
22031
21940
22041
21997
21981
32637
22713
22682
22691
22633
22678
22591
22649
22629
22668
22616
22599
22604
22697
22590
24237
23724
22635
22587
22554
22579
22674
22682
22632
22546
22699
22629
22610
22579
22602
22597
22573
24708
31145
21977
21980
21915
21954
21897
21910
21885
21885
21917
21905
21869
21916
21857
21899
21929
21907
21876
21915
21893
21925
21892
21899
21845
21901
21840
21882
21862
21908
21812
21855
21883
21832
21848
21869
21827
21848
21815
21850
21837
21836
21867
21850
21816
21848
21836
21797
21833
21870
21794
21823
21808
21877
21803
21801
21747
21821
21787
21819
21750
21767
21796
21786
21779
21814
21769
21785
21770
21795
21719
21733
21764
21776
21801
21722
21733
21754
21724
21763
21721
21766
21745
21716
21731
21798
21742
21716
21738
21729
21716
21757
21698
21739
21695
21692
21736
21701
21684
21669
21680
21680
21700
21662
21688
21702
21665
21667
21678
21652
21668
21648
21656
21661
21634
21653
21638
21675
21608
21650
21673
21631
21630
21606
21615
21626
21557
21598
21611
21619
21552
21601
21609
21609
21603
21603
21593
21613
21574
21620
21609
21638
21597
21599
33612
31049
21520
21528
21572
21614
21524
21588
21560
21547
21558
21594
21567
21523
21532
21531
21529
21530
21539
21489
21571
21572
21537
21562
21492
21518
21491
21499
21479
21508
21496
21491
21514
21505
21506
21463
21513
21485
21491
21484
21485
21447
21400
21494
21472
21475
21434
21440
21431
21475
21434
21435
21444
21449
21427
21453
21444
21433
21403
21461
21435
21438
21423
21423
21419
21439
21418
21334
21413
21415
21446
21411
21349
21350
21352
21403
21358
21419
21387
21391
21373
21399
21361
21359
21336
21301
21353
21370
21378
21338
21332
21349
21331
21390
21341
21372
21296
21313
21321
21359
21333
21340
21268
21320
21341
21274
21291
21296
21325
21306
21261
21288
21323
21321
21313
21298
21315
21308
21283
21280
21284
21217
21315
21273
21287
21286
21282
21272
21288
21245
21201
21268
21229
21275
21230
21236
21184
21240
21237
21236
21223
21231
21243
21220
21229
21198
33114
21872
30296
21276
21240
21202
21201
21159
21215
21187
21189
21187
21203
21196
21127
21173
21144
21214
21186
21185
21137
21157
21219
21131
21117
21155
21132
21158
21159
21154
21168
21170
21113
21149
21135
21142
21126
21110
21088
21143
21047
21081
21159
21086
21065
21084
21138
21114
21081
21076
21031
21137
21058
21067
21072
21056
21076
21046
21095
21087
21086
21032
21016
21045
21076
21004
21061
21051
21017
21020
21033
21012
21021
21040
21011
21036
21030
20986
21016
21006
21027
21070
21024
20988
21015
20976
20988
20998
20992
20979
20995
20955
21022
20963
20988
20936
20972
20973
20984
20942
20922
20973
20928
21029
20937
20996
20944
20944
20929
20881
20983
20944
20890
20938
20941
20991
20905
20896
20856
20935
20910
20916
20896
20945
20935
20884
20899
20855
20862
20849
20891
20878
20861
20890
20884
20863
20883
20854
20871
20852
20833
20886
20898
20886
20839
20837
20849
20908
20846
32346
21451
30045
20807
20827
20811
20829
20860
20843
20791
20801
20807
20798
20790
20768
20789
20794
20775
20799
20781
20833
20785
20784
20794
20818
20744
20761
20759
20771
20758
20761
20746
20711
20725
20730
20767
20763
20710
20768
20740
20726
20755
20702
20737
20716
20711
20722
20723
20732
20671
20692
20685
20707
20711
20730
20713
20678
20676
20698
20679
20664
20678
20689
20689
20656
20770
20700
20703
20637
20703
20700
20622
20618
20602
20679
20635
20656
20603
20732
20640
20651
20650
20634
20654
20642
20654
20609
20642
20582
20548
20560
20616
20645
20609
20643
20576
20629
20549
20648
20593
20618
20576
20657
20594
20535
20566
20597
20548
20551
20577
20604
20563
20531
20592
20617
20550
20526
20534
20518
20546
20519
20537
20562
20541
20527
20544
20552
20467
20490
20485
20508
20502
20538
20468
20483
20480
20521
20521
20555
20430
20557
20493
20529
20453
20456
20472
20478
20403
20446
20450
20444
20413
32296
29898
20473
20420
20468
20498
20504
20418
20392
20409
20433
20446
20418
20431
20462
20407
20388
20411
20432
20398
20425
20403
20411
20346
20394
20407
20414
20427
20410
20426
20356
20370
20391
20398
20393
20404
20297
20353
20363
20341
20326
20330
20349
20354
30787
20938
20955
29590
20329
20310
20286
20343
20309
20287
20370
20319
20286
20330
20290
20324
20311
20303
20295
20292
20287
20298
20339
20263
20337
20295
20303
20338
20283
20262
20270
20303
20298
20259
20267
20294
20276
20234
20248
20262
20231
20215
20281
20280
20206
20245
20273
20217
20178
20210
20206
20218
20199
20207
20251
20213
20228
20220
20185
20186
20205
20230
20173
20178
20192
20226
20227
20178
20159
20196
20191
20154
20188
20210
20191
20202
20190
20104
20177
20147
20130
20106
20138
20070
20145
20151
20147
20086
20147
20110
20130
20108
20097
20106
20134
20073
20064
20065
20160
20065
20109
20074
20097
20034
20071
20046
20123
20057
20096
21689
20088
20052
20058
20060
20064
20068
20073
20046
20063
20060
20046
20005
20051
20022
20045
20031
20079
19981
20015
20044
20048
20017
19984
19974
20028
20008
20022
19950
20001
20018
19972
20021
20032
19971
20001
19973
19980
20026
19961
19948
30224
21256
30212
21145
19996
19925
19931
19956
19966
19921
19927
19920
19947
19950
19998
19887
19958
19939
19941
19932
19944
19924
19938
19905
19942
19898
19953
19903
19952
19906
19907
19873
19919
19872
19932
19843
19942
19857
19917
19839
19866
19871
19908
19853
19883
19879
19847
19854
19882
19786
19851
19808
19864
19846
19800
19830
19834
19795
19875
19822
19901
19808
19818
19814
19789
19762
19783
19781
19845
19747
19770
19796
19797
19743
19742
19757
19786
19807
19800
19781
19782
19777
19767
19762
19818
19705
19773
19760
19797
19677
19740
19752
19800
19738
19770
19730
19704
19751
19770
19629
19728
19696
19716
19708
19766
19715
19730
19682
19734
19680
19686
19655
19669
19648
19697
19681
30924
28943
19692
19636
19688
19633
19666
19637
19692
19636
19684
19641
19672
19634
19677
19580
19639
19623
19662
19611
19627
19567
19622
19616
19624
19586
19583
19592
19666
19635
19595
19622
19654
19592
19590
19567
19622
19598
19609
19532
19616
19583
19595
19569
19514
19563
19627
19531
19610
19545
19548
19551
19539
19524
19530
19497
19599
19541
19542
19517
19535
19538
19523
19524
19506
19489
19523
19504
19515
19472
19533
19466
19496
19481
19528
19472
19503
19482
19509
19451
19500
19483
19469
19463
19444
19434
19498
19474
19442
19452
19469
19401
19459
19458
19473
19458
19456
19397
19432
19404
19458
19376
19443
19387
19475
19345
19422
19399
19395
19361
19444
19393
19397
19324
19379
19344
19385
19390
19396
19421
19414
19304
19392
19349
19372
19388
19339
19332
19370
19327
19301
19339
19365
19338
19339
19325
19394
19303
19335
19328
19360
19316
19343
19300
19371
19332
19324
19263
19297
19223
19294
19335
19273
19299
19283
19288
19287
19231
19281
20489
19321
19289
19213
19253
19304
19228
19272
19232
19221
19279
19259
19197
19236
19196
19220
19234
19287
19258
19240
19210
19201
19205
19288
19187
19237
19178
19214
19187
19196
19204
19215
19148
19175
19175
19164
19170
19165
19187
19195
19127
19154
19156
19155
19186
19155
19154
19130
19100
19209
19162
19179
19141
19159
19134
19088
19151
19137
19107
19122
19141
19146
19094
19167
19118
19178
19150
19116
19129
19168
19079
19133
19104
19108
19045
19112
19065
19102
19079
19094
19026
19085
19060
19085
19099
19122
19019
19076
19030
19033
18981
19029
19043
19061
19025
19082
18982
18998
19022
19034
19069
19076
19009
19035
19013
19055
18990
19044
18948
19048
18998
19002
18956
19016
18977
18964
19016
19013
18970
19033
18970
19032
18983
18925
18939
18992
18965
18932
18918
18984
18895
18972
18904
18962
18929
18931
18911
18978
18921
18936
18942
18962
18892
18944
18919
18949
18944
18906
18871
18923
18920
18895
18917
18922
18928
18892
18860
18914
18886
18920
18870
18896
18865
18901
18853
20395
18835
18848
18846
18889
18870
18830
18881
18838
18830
18862
18816
18853
18826
18840
18777
18835
18829
18892
18787
18881
18794
18791
18788
18787
18779
18811
18769
18806
18811
18803
18820
18767
18746
18804
18779
18801
18695
18775
18768
18778
18750
18800
18725
18761
18731
18760
18721
18746
18704
18739
18731
18714
18754
18717
18727
18731
18706
18756
18717
18746
18689
18725
18716
18711
18718
18691
18687
18764
18703
18710
18649
18727
29360
19266
19225
19327
19144
19298
19233
19274
30459
18687
18618
18649
18691
18629
18615
18622
18644
18646
18662
18654
18591
18643
18618
18597
18637
18619
18608
18622
18627
18617
18572
18627
18607
18649
18614
18624
18568
18584
18608
18591
18596
18580
18579
18613
18563
18566
18562
18572
18589
18565
18549
18573
18555
18552
18496
18614
18551
18525
18511
18545
18533
18524
18527
18510
18519
18515
18508
18509
18510
18535
18447
18502
18518
18515
18493
18513
18490
18469
18448
18493
18456
18500
18465
18544
18489
18473
18478
18511
18446
18468
18502
18457
18442
30190
28514
18502
18368
18445
18482
18453
18411
18432
18453
18436
18449
18388
18424
18465
18437
18412
28432
18992
18951
18949
18901
18912
19025
19120
18922
18910
18880
18929
18964
19009
18990
19014
18952
18925
18901
18956
18845
18860
18909
18830
18923
18899
18888
18854
19015
18874
18839
18863
18906
18930
18885
19044
18875
18920
18870
18873
18881
19316
18905
18888
18864
18989
18851
18922
18868
18899
18956
18906
18889
19065
19340
19275
18786
18825
18813
18799
18840
18807
18819
18781
18779
18764
18780
18870
18841
18834
18710
18801
18799
18760
18802
18771
18714
18695
18713
18741
18787
18836
18746
18846
18719
18737
18740
18770
18731
18678
18712
18746
18667
18800
18719
18729
18707
18742
18696
18703
18775
18762
18678
18798
18616
18706
18663
18737
18659
18745
18659
18700
18674
18692
18677
18655
18667
18759
18983
18630
18736
18668
31689
18146
18143
18133
18086
18097
18093
18110
18019
18096
18068
18120
18094
18092
18080
18098
18032
18098
18076
18161
18035
18091
18039
18070
18122
19187
28498
18068
18016
18040
18040
18029
18029
18038
17996
18174
17997
18010
17946
18040
18029
18012
17993
17992
17970
17983
17972
17967
17945
17985
17958
17994
17911
17984
17997
18017
17977
18012
17962
17987
17942
17963
17929
17990
17989
17943
17943
17952
17900
17988
17953
18024
17925
17961
17890
17987
17873
17854
17865
30191
18672
18568
18419
29668
17878
17913
17884
17903
17903
17892
17864
17910
17873
17895
17884
17968
17878
17875
17872
17868
17849
17884
17856
29335
18455
18366
18425
18472
18560
18487
18456
18401
18392
18398
18525
18371
28500
17805
17824
17801
17822
17840
17775
17830
17769
17811
17798
17790
17760
17788
17794
17871
17845
17789
17738
17814
17763
17805
17761
17822
17736
17764
17759
17758
17712
17792
17703
17756
17739
17755
17717
17735
17730
17779
17716
17746
17712
17726
17674
17735
17720
17726
17680
17762
17672
17695
17697
17655
17651
17689
17643
17711
17680
17611
17644
17669
17654
17671
17662
17711
17684
17686
17649
17649
17645
17641
17635
17681
17555
17622
17639
17628
17643
17606
37143
18208
17623
17644
17596
17607
17590
17648
17612
17598
17572
17639
17582
17593
17569
17604
17554
17578
17596
17566
17538
17627
17539
17587
17563
17558
17547
17583
17561
17564
17518
17545
17521
17562
17479
17546
17533
17502
17520
17526
17489
17510
17538
17504
17521
17531
17460
17561
17451
17560
17489
17517
17512
17485
17487
17503
17445
17512
17485
17452
17466
17491
17465
17488
17437
17488
17402
17425
17439
17412
17413
17447
17443
17470
17415
17438
17447
17467
17419
17417
17440
17445
17386
17416
17388
17479
17417
17412
17364
17421
17399
17355
17363
17435
17395
17407
17367
17395
17394
17399
17370
17369
17388
17385
17325
17382
17324
17365
17346
17325
17372
17364
17335
17353
17341
17320
17311
17324
17315
17358
17286
17372
17288
17320
17323
17320
17270
17339
17286
17351
17290
17281
17273
17318
17282
17312
17273
17288
17310
17288
17212
17246
17256
17280
17237
17291
17264
17238
17231
17264
17208
17294
17259
17285
17200
17202
17228
17253
17156
17241
17214
17215
17235
17220
17200
17224
17204
17203
17207
17225
17179
17179
17215
17220
17183
17170
17133
17199
21027
18163
17182
17211
17170
17212
17144
17231
17147
17163
17131
17150
17133
17183
17137
17168
17109
17114
17145
17131
17104
17147
17144
17174
17049
17128
17124
17137
17111
17092
17116
17135
17057
17109
17025
17048
17037
17063
17059
17098
17061
17078
17069
17087
17069
17053
17070
17045
17037
17027
17048
17010
17048
17041
17033
17007
17011
17045
17020
17027
17036
17051
17013
17043
16997
17022
16998
16972
16949
16984
16951
17051
17011
16979
17012
17017
16992
16958
16952
16983
16936
16965
16959
16981
16952
16964
16993
17017
16940
16953
16944
16946
16954
16947
16939
16962
16918
16947
16913
16928
16900
16979
16919
16947
16944
16903
16917
16907
16912
16931
16914
16906
16920
16909
16872
16870
16852
16906
16895
16938
16847
16874
16850
16872
16905
16857
16862
16862
16866
16824
16837
16870
16845
16850
16798
16843
16826
16803
16805
16839
16825
16824
16841
16844
16804
16798
16791
16861
16805
16807
16828
16842
16812
16802
16833
16810
16770
16808
16761
16785
16788
16765
16755
16801
16744
16772
16747
16765
16750
16757
16734
16772
16706
16734
16751
16760
16717
16704
16742
16744
16750
16700
16673
27305
16705
16714
16664
16775
16726
16689
16671
16695
16694
16700
16702
16693
16647
16679
16671
16679
16639
16700
16693
16649
16656
16680
16612
16653
16621
16637
16652
16654
16633
16640
16625
16667
16568
16572
16594
16617
16644
16787
18337
31828
38036
17145
17054
17161
17103
25852
16598
16680
16623
16634
16589
16592
16519
16624
16569
16678
16541
16604
16551
16599
16558
16553
16570
16609
16556
16564
16564
16554
16542
16562
16567
16552
16563
16557
16525
16593
16528
16495
16512
16543
16505
16523
16528
16532
16511
16532
16497
16511
16474
16506
16448
16542
16501
16539
16504
16510
16449
16472
16447
16515
16467
16436
16448
16472
16434
16456
16425
16452
16449
16449
16429
16466
16420
16440
16446
16455
16421
16448
16409
16449
16386
16443
16437
16429
16410
16429
16363
16391
16352
16403
16357
16398
16401
16401
16381
16429
16321
16362
16364
16361
16380
16352
16330
16419
16314
16356
16340
16346
16357
16320
16293
16328
16339
16311
16312
16331
16280
16350
16333
16293
16303
16322
16315
16333
16320
16300
16266
16298
16287
16287
16276
16305
16240
16285
16261
16295
16286
16305
16261
16301
16212
16280
16209
19601
16268
16237
16266
16254
16236
16231
16217
16263
16231
16221
16228
16238
16229
16231
16196
16237
16170
16227
16233
16246
16195
16236
16166
16198
16200
16176
16180
16197
16200
16207
16198
16154
16142
16205
16117
16188
16132
16147
16146
16181
16121
16125
16086
16112
16073
16081
16113
16115
16090
16118
16129
16138
16109
16153
16076
16125
16131
16115
16091
16101
16081
16107
16038
16087
16097
16135
16052
16048
16060
16064
15996
16095
16016
16072
16044
16090
16048
16068
16011
16071
16038
16044
16002
16073
16026
15950
15998
16030
16027
16007
15985
16056
16011
16034
15971
16000
15972
16002
15949
16066
15966
15977
15956
15993
15953
15995
15969
15989
15976
15978
15951
16014
15953
15938
15964
16018
15928
15963
15915
15948
15930
15922
15888
16000
15873
15894
15899
15950
15901
15956
15919
15937
15882
15925
15885
15948
15866
15878
15856
15954
15831
15939
15861
15933
15819
15903
15870
15922
15846
15934
15793
15906
15854
15850
15807
15880
15869
15850
15813
15929
15802
15885
15822
15838
15819
15859
15777
15822
15800
15767
15816
15850
15788
16672
16854
15860
15799
15804
15768
15811
15756
15812
15790
15858
15753
15768
15742
15804
15760
15804
15717
15773
17388
15789
15754
15773
15729
15811
15686
15813
15715
15748
15701
15719
15701
15710
15687
15774
15710
15730
15709
15704
15695
15736
15649
15767
15656
15717
15678
15720
15674
15715
15639
15719
15619
15699
15598
15731
15643
15665
15643
15708
15669
15700
15628
15661
15618
15685
15637
15682
15624
15663
15624
15667
15603
15650
15625
15639
15591
15671
15586
15637
15563
15673
15584
15627
15614
15613
15564
15593
15577
15595
15530
15652
15561
15572
15558
15644
15532
15611
15547
15602
15556
15578
15504
15561
15577
15543
15533
15592
15556
15538
15543
15553
15526
15528
15524
15544
15478
15530
15481
15561
15458
15521
15473
15501
15480
15513
15503
15477
15460
15507
15432
15494
15468
15497
15467
15480
15423
15499
15399
15506
15475
15473
15411
15448
15436
15508
15404
15570
15432
15467
15411
15478
15387
15428
15397
15456
15392
15410
15357
15422
15398
15398
15405
15447
15380
15415
15390
15399
15375
15435
15352
15448
15354
15436
15331
15404
15347
15413
15354
15396
15332
15427
15338
15445
15332
25356
15788
15919
16006
24916
15309
15368
15294
15344
15290
15342
15298
15338
15278
15336
15316
15305
15313
15325
15247
15332
15314
15357
15256
15308
15279
15314
15266
15307
15267
15323
15256
15298
16487
15281
15222
15288
15223
15272
15197
15257
15192
15251
15180
15268
15202
15266
15213
15249
15179
15238
15212
15225
15165
15209
15185
15214
15160
15276
15146
15209
15149
15238
15147
15212
15161
15263
15174
15192
15104
15188
15189
15221
15113
15158
15123
15203
15115
15182
15133
15192
15110
15206
15127
15188
15087
15182
15123
15155
15068
15160
15066
15128
15140
15184
15044
15129
15114
15131
15061
15076
15046
15130
15076
15046
15084
15136
25174
15568
15483
15545
24265
15128
15009
15126
15082
15077
15030
15088
15058
15035
14994
15134
15019
15072
15012
15081
14983
15063
15008
15062
14996
14997
14986
15063
14967
15036
14997
15077
14948
15022
14992
15065
14991
15026
14924
15045
14952
15029
14951
14998
14955
15009
14928
14990
14924
14986
14942
14950
14932
15004
14921
14973
14910
14979
14876
14909
14880
14943
14885
14958
14924
14950
14901
14961
14884
14926
14872
14932
14883
14919
14840
14916
14874
14889
14861
14906
14878
14876
14878
14876
14865
14958
14849
14872
14794
14874
14835
14888
14830
14868
14818
14895
14839
14834
14794
14887
14834
14853
14803
14845
14791
14816
14765
14805
14800
14815
14787
14821
14752
14807
14767
14782
14764
14854
14735
14817
14721
14807
14756
14822
14720
14826
14746
14803
14736
14756
16312
14831
14687
14773
14734
14790
14716
14724
14717
14740
14734
14767
14719
14731
14692
14720
14679
14761
14718
14722
14651
14734
14682
14712
14708
14686
14681
14722
14667
14704
14640
14684
14633
14681
14640
14660
14641
14701
14624
14679
14666
14685
14645
14644
14593
14670
14598
14645
14597
14665
14557
14691
14587
14731
14567
14630
14563
14634
14563
14599
14554
14647
14600
14587
14555
14601
14551
14605
14551
14626
14562
14573
14540
14608
14553
14631
14523
14644
14516
14592
14515
14594
14535
14613
14545
14586
14540
14567
14545
14530
14534
14583
14478
14570
14536
14521
14512
14521
14490
14485
14445
14607
14450
14535
14463
14539
14472
14505
14449
14523
14435
14515
14442
14519
14423
14518
14485
14510
14440
14510
14420
14457
14380
14455
14408
14470
14433
14443
14376
14494
14416
14434
14402
14460
14380
14436
14378
14462
14394
14406
14393
14446
14369
14438
14411
14428
14348
14475
14336
14420
14361
14386
14314
14424
14324
14397
14340
14450
14338
14407
14331
14396
14315
14419
14341
14395
14290
14372
14296
14387
14308
14369
14313
14376
14260
14344
14281
14377
14297
14320
14260
14302
14256
14300
14297
14324
14231
14289
14252
14370
14261
14307
14236
14303
14245
14353
14241
14289
14208
14267
14229
14281
14219
14302
14251
14319
14211
14247
14211
14262
14175
14241
15327
14257
14195
14219
14202
14265
14175
14238
14176
14240
14210
14243
14159
14251
14149
14207
14193
14248
14161
14176
14113
14219
14142
14192
14143
14187
14122
14184
14090
14193
14121
14208
14101
14137
14115
14157
14081
14142
14106
14140
14118
14217
14076
14146
14093
14157
14108
14087
14072
14109
14096
14101
14093
14122
14066
14096
14043
14124
14034
14102
14059
14096
14031
14093
14042
14088
14028
14070
14042
14090
14031
14076
14024
14130
14029
14057
14029
14020
14004
14062
14011
14073
14014
14048
14000
14021
14011
14033
13981
14051
13967
14032
14006
14042
13965
14022
13962
14031
13957
13988
13985
13992
13958
14043
13909
13982
13926
13956
13938
13969
13926
14007
13909
13988
13900
13980
13931
13970
13915
13969
13855
13969
13877
13941
13897
13981
13884
13955
13856
13939
13844
13963
13834
13902
13867
13951
13861
13951
13892
13944
13874
13943
13825
13893
13832
13895
13864
13855
13815
13895
13845
13904
13804
13876
13829
13864
13794
13870
13772
13854
13796
13895
13785
13841
13760
13875
13795
13838
13797
13819
13779
13780
13745
13812
13736
13800
13750
13837
13755
13795
13753
13809
13742
13798
13711
13856
13752
13775
13731
13794
13741
13775
13721
13803
13703
13764
13688
13753
13746
13741
13682
13787
13673
13739
13701
13757
13686
13737
13704
13743
13670
13706
13690
13738
13662
13719
13655
13729
13670
13658
14654
13748
13684
13702
13684
13696
13628
13698
13679
13691
13634
13689
13636
13665
13623
13660
13590
13643
13624
13645
13620
13643
13632
13652
13606
13619
13618
13644
13583
13656
13567
13619
13573
13622
13571
13622
13526
13607
13568
13590
13577
13586
13545
13585
13516
13586
13539
13564
13535
13590
13510
13556
13522
13610
13511
13563
13503
13567
13531
13558
13547
13571
13480
13555
13496
13552
13495
13528
13462
13529
13474
13525
13506
13503
13455
13523
13460
13531
13471
13472
13434
13484
13471
13506
13433
13558
13416
13455
13411
13444
13441
13491
13443
13497
13446
13451
13433
13442
13412
13431
13421
13474
13394
13424
13393
13460
13376
13444
13403
13448
13397
13408
13382
13451
13354
13401
13363
13433
13359
13399
13350
13389
13341
13411
13338
13414
13318
13348
13328
13383
13361
13396
13325
13414
13315
13382
13296
13346
13270
13380
13350
13378
13271
13373
13317
13336
13242
13354
13298
13359
13291
13305
13266
13296
13298
13315
13289
13319
13256
13250
13254
13322
13221
13309
13213
13310
13229
13276
13253
13287
13215
13282
13232
13310
13203
13231
13207
13288
13221
13271
13212
13303
13203
13240
13199
13255
13179
13257
13179
13209
13173
13206
13141
13214
13162
13225
13134
13198
13129
13213
13146
13219
13165
13187
13136
13224
13127
13174
13162
13155
13084
13160
13134
13216
13106
13160
13117
13169
13119
13120
13072
13119
13107
13122
13096
13108
13094
13144
14539
13146
13112
13139
13077
13078
13090
13102
13049
13140
13033
13077
13023
13072
13084
13070
13075
13095
13038
13059
13041
13054
13012
13103
13019
13124
13000
13069
13019
13104
13003
13050
12953
13041
13029
13029
13014
13011
12990
13017
12979
13023
12991
13027
12984
12996
12957
12996
12995
13035
12985
12993
12973
13009
12924
12993
12987
13017
12934
12966
12949
12947
12949
12967
12894
12992
12928
12948
23235
14787
15774
13392
22133
12985
12920
12958
12907
12967
12921
12925
12904
12959
12926
12909
12877
12936
12874
12959
12884
12927
12883
12926
12886
12882
12870
12954
12859
12921
12833
12887
12861
12861
12844
12865
12833
12901
12825
12855
12833
12854
12816
12819
12818
12854
12829
12796
12845
12843
12772
12845
12800
12861
12767
12861
12796
12836
12820
12834
12778
12795
12779
12807
12779
12787
12769
12763
12788
12808
12742
12757
12745
12798
12727
12792
12710
12774
12729
12811
12703
12785
12712
12779
12673
12777
12723
12747
12693
12732
12689
12716
12695
12731
12685
12742
12690
12740
12667
12695
12650
12692
12638
12736
12658
12712
12629
12694
12622
12678
12626
12677
12603
12669
12624
12682
12593
12732
12617
12632
12596
12661
12590
12635
12602
12666
12626
12667
12582
12676
12570
12650
12557
12670
12583
12600
12588
12593
12528
12587
12573
12660
12572
12595
12573
12587
12528
12588
12533
12590
12508
12592
12526
12577
12536
12593
12512
12588
12519
12518
12515
12620
12486
12538
12514
12574
12505
14486
12514
12553
12497
12505
12464
12569
12479
12546
12485
12518
12465
12534
12425
12510
12458
12496
12439
12483
12462
12508
12428
12462
12432
12455
12413
12487
12423
12497
12426
12477
12420
12445
12446
12521
12420
12450
12403
12478
12385
12443
12381
12412
12361
12471
12377
12452
12365
12410
12387
12425
12383
12434
12378
12399
12379
12389
12353
12414
12353
12366
12329
12397
12319
12363
12340
12423
12302
12365
12337
12427
12335
12360
12311
12369
12295
12330
12286
12323
12301
12324
12325
12307
12268
12319
12294
12347
12237
12316
12301
12364
12275
12290
12235
12319
12242
12288
12259
12332
12233
12312
12247
12284
12243
12264
12224
12294
12196
12312
12215
12259
12222
12283
12192
12258
12199
12204
12234
12238
12216
12220
12191
12219
12178
12238
12181
12219
12163
12219
12187
12229
12144
12237
12163
12234
12138
12248
12133
12197
12154
12223
12127
12230
12124
12166
12126
12190
12120
12173
12109
12200
12103
12155
12140
12141
12064
12156
12131
12191
12115
12149
12113
12136
12090
12151
12080
12148
12064
12099
12060
12086
12033
12095
12066
12108
12050
12097
12055
12076
12065
12089
12057
12098
12034
12077
11999
12060
12027
12090
11996
12069
12029
12084
12026
12068
12007
12049
12004
12061
12009
12070
11975
12025
11972
12030
12004
12043
11975
12002
11961
12020
11976
12003
11953
11976
11959
11947
11910
12003
11975
12000
11952
11957
11911
11969
11937
12000
11907
11952
11934
11970
11910
11944
11927
11958
11926
11946
11892
11971
11890
11947
11880
11929
11906
11955
11860
11923
11864
13083
11876
11947
11890
11868
11891
11978
11877
11927
11829
11906
11861
11898
11872
11885
11833
11875
11827
11900
11820
11883
11840
11841
11830
11866
11799
11867
11809
11853
11800
11867
11810
11801
11776
11891
11786
11828
11780
11856
11765
11795
11787
11829
11771
11800
11775
11827
11748
11812
11750
11804
11748
11779
11747
11813
11729
11764
11721
11751
11733
11730
11705
11776
11715
11744
11700
11750
11689
11734
11707
11757
11710
11717
11691
11764
11684
11738
11675
11748
11696
11693
11642
11715
11685
11739
11680
11734
11644
11713
11672
11730
11623
11655
11677
11716
11624
11703
11613
11664
11618
11636
11623
21984
11913
12006
11984
21013
11601
11651
11579
11640
11582
11640
11573
11633
11600
11658
11577
11663
11587
11627
11589
11612
11596
11584
11533
11620
11586
11574
11563
11567
11569
11581
11518
11632
11536
11556
11513
11570
11543
11599
11533
11555
11505
11540
11486
11549
11509
11559
11531
11535
11503
11576
11443
11512
11510
11493
11474
11520
11482
11503
11464
11519
11475
11490
11469
11486
11444
11483
11449
11509
11426
11434
11448
11489
11407
11465
11407
11501
11462
11493
11446
11469
11416
11451
11408
11464
11395
11451
11414
11459
11358
11438
11419
11433
11378
11422
11384
11450
11392
11367
11384
11399
11376
11442
11354
11413
11372
11418
11342
11352
11357
11403
11353
11408
11304
11373
11349
11332
11311
11413
11336
11388
11312
11378
11300
11345
11319
11361
11308
11367
11278
11331
11289
11328
11269
11284
11290
11341
11258
11300
11301
11302
11283
11330
11228
11358
11286
11328
11236
11299
11226
11294
11268
11297
11235
11293
11222
11300
12928
11277
11250
11311
11223
11234
11207
11253
11192
11240
11231
11266
11196
11233
11189
11197
11163
11267
11180
11193
11185
11253
11177
11238
11175
11199
11172
11242
11160
11210
11153
11166
11136
11144
11178
11192
11118
11185
11135
11157
11113
11143
11105
11183
11143
11155
11113
11153
11097
11180
11059
11141
11086
11144
11074
11117
11098
11139
11071
11113
11083
11098
11081
11110
11063
11114
21281
11467
11387
11393
11335
11446
11349
20486
11020
11082
11031
11065
11021
11072
11024
11060
11012
11059
10996
11031
11004
11048
10996
11047
11008
11051
11014
11054
10988
11022
10975
11040
10970
11040
10996
11013
10979
11195
12781
12882
12893
12806
12913
12858
13448
12033
13142
12689
12179
21830
13746
13633
13999
13954
14060
13437
11266
11346
12334
22194
13289
13108
13365
13096
11844
12552
12828
12475
12909
13366
13645
13161
13156
10969
10881
10930
10859
10927
10872
10950
10855
10920
10836
10908
10853
10918
10823
10887
10868
10932
10831
10865
10844
10867
10826
10884
10854
10867
10847
10858
10826
10876
10820
10871
10808
10846
10810
10860
10825
10832
10777
10816
10779
10856
10792
10790
10790
10845
10764
10832
10759
10844
10747
10793
10761
10795
10752
10799
10735
10789
10747
10807
21171
11142
11037
11080
11042
11115
11032
20255
10730
10778
10719
10751
10702
10813
10704
10722
10712
10742
10670
10719
10677
10753
10664
10707
10719
10725
10699
10698
10644
10721
10671
10717
10635
10688
10650
10684
10660
10665
10627
10662
10633
10674
10647
10673
10605
10714
10655
10640
10612
10663
10597
10666
10604
10657
10600
10605
10623
10651
10599
10597
10582
10636
10567
10636
13592
10615
10561
10638
10564
10605
10570
10583
10549
10607
10551
10589
10541
10609
10562
10580
10518
10582
10543
10599
10528
10596
10498
10592
10475
10516
10484
10578
10482
10574
10509
10567
10522
10539
10507
10553
10467
10545
10469
10522
10466
10539
10491
10474
10440
10546
10468
10503
10436
10506
10435
10483
10432
10512
10437
10458
10437
10479
10437
10487
10440
10496
10432
10454
10416
10463
10439
10444
10410
10498
10410
10415
10398
10441
10395
10449
10399
10421
10371
10393
10370
10432
10382
10395
10383
10428
10328
10368
10356
10407
10344
10426
10340
10435
10329
10401
10334
10386
10346
10408
10309
10402
10295
10367
10266
10316
10291
10357
10273
10416
10339
10339
10304
10314
10284
10310
10281
10355
10287
10323
10279
10278
10270
10350
10242
10342
10239
10304
10242
10322
10247
10293
10250
10284
10223
10276
10203
10264
10224
10301
10232
10303
10186
10235
10211
10278
10191
10241
10207
10317
10204
10191
10178
10246
10199
10254
10194
10257
10158
10240
10198
10217
10143
10174
10122
10228
10181
10196
10132
10194
10149
10216
10149
10223
10125
10199
10133
10225
10123
10170
10146
10171
10118
10145
10108
10196
10110
10140
10115
10154
10087
10116
10096
10130
10094
10102
10075
10124
10072
10107
10059
10137
10095
10058
10056
10122
10055
10105
10053
10088
10042
10100
10007
10100
10025
10082
10012
10092
10025
10054
10045
10069
10014
10036
10018
10082
9996
10062
9983
10064
9988
10029
9989
10000
10012
10042
9981
10042
9957
10011
9968
10010
9940
10015
9977
10050
9999
10016
9938
9979
9932
10014
9925
9982
9920
9963
9885
9984
9900
9974
9928
9957
9891
9968
9916
9931
9893
9978
9892
9928
9904
9920
9891
9920
9901
9916
9844
9949
9884
9931
9855
9940
9856
9929
9864
9902
9887
9883
9843
9869
9891
11029
9806
9901
9837
9900
9818
9861
9818
9874
9835
9889
9827
9867
9826
9883
9827
9865
9801
9857
9804
9807
9772
9837
9768
9831
9772
9828
9782
9784
9748
9796
9781
9823
9770
9846
9764
9811
9767
9783
9713
9779
9729
9821
9718
9761
9762
9796
9733
9788
9702
9753
9732
9769
9681
9772
9715
9762
9734
9741
9684
9712
9692
9690
9642
9742
9668
9752
9644
9698
9668
9729
9673
9697
9677
9740
9636
9719
9671
9719
9642
9710
9632
9690
9622
9679
9652
9706
9601
9725
9623
9672
9597
9673
9554
9665
9610
9660
9616
9662
9586
9616
9566
9629
9594
9653
9594
9633
9551
9597
9585
9645
9593
9626
9590
9618
9503
9600
9554
9608
9551
9624
9530
9619
9533
9554
9492
9576
9532
9539
9536
9563
9538
9562
9508
9577
9513
9515
9510
9552
9477
9514
9503
9562
9481
9508
9483
9542
9464
9515
9450
9520
9469
9523
9772
9806
9734
9773
9727
9797
9856
9823
9696
9755
9728
9710
9724
9723
9704
9774
9705
9784
9668
9776
9678
9710
18650
9467
9413
9431
9356
9447
9371
9429
9400
9430
9348
9442
9387
9408
9358
9404
9396
9433
9372
9444
9342
9387
9335
9427
9353
9401
9298
9400
9317
9369
9304
9385
9321
9325
9316
9376
9312
9337
9299
9348
9277
9352
9309
9347
9316
9346
9289
9346
9242
9319
9276
9315
9267
9333
9245
9342
9246
9290
9246
9322
9216
9259
9265
9309
9208
9292
9234
9308
9253
9258
9217
9238
9218
9232
9234
9312
9219
9266
9199
9233
9218
9256
9227
9266
9194
9195
9151
9221
9189
9248
9168
9201
9173
9220
9168
9234
9150
9212
9179
9227
9147
9178
9150
9223
9139
9207
9160
9211
9147
9187
9115
9178
9127
9187
9101
9189
9115
9156
9073
9174
9136
9102
9096
9145
9101
9121
9082
9120
9106
9124
9073
9133
9079
9131
11156
9147
9047
9091
9038
9131
9049
9103
9065
9107
9006
9098
9020
9089
9026
9053
9010
9101
9012
9066
9004
9095
9010
9021
9025
9070
8977
9050
8983
9080
9015
8981
9000
9006
8970
9008
8966
9057
9003
8995
8963
9016
8979
8997
8966
9021
8925
8981
8957
8987
8918
8983
8954
9019
8947
8949
8907
8993
8894
8965
8911
8978
8911
8945
8896
8952
8889
8956
8882
9000
8896
8943
8874
8912
8886
8980
8863
8936
8840
8911
8845
8934
8816
8915
8847
8930
8863
8860
8849
8919
8851
8870
8850
8902
8839
8863
8847
8859
8815
8848
8821
8847
8824
8886
8800
8882
8812
8842
8794
8880
8804
8828
8778
8839
8785
8835
8785
8859
8780
8799
8782
8766
8812
8808
8734
8836
8750
8822
8729
8793
8717
8816
8711
8824
8707
8759
8751
8767
8726
8749
8730
8769
8678
8756
8702
8734
8681
8732
8711
8760
8671
8747
8687
8736
8666
8731
8669
8742
8670
8702
8663
8733
8635
8700
8644
8705
8648
8655
8635
8703
8633
8645
8643
8692
8609
8682
8631
8669
8608
8710
8614
8672
8611
8659
8600
8642
8585
8630
8599
8677
8620
8627
8580
8639
8593
8609
8577
8635
8539
8593
8571
8625
8545
8628
8574
8607
8533
8581
8535
8594
8504
8601
8509
8607
8518
8576
8510
8578
8544
8561
8520
8581
8506
8544
8497
8557
8493
8572
8474
8566
8493
8551
8490
8527
8479
8529
8472
8519
8457
8501
8454
8524
8461
8498
8477
8502
8457
8491
8432
8513
8473
8505
8393
8478
8410
8458
8433
8490
8400
8498
8425
8435
8417
8460
8404
8456
8411
8460
8399
8461
8420
8461
8382
8450
8374
8447
8391
8399
8413
8420
8396
8401
8382
8383
8401
8440
8362
8418
8343
8395
8352
8394
8317
8399
8344
8376
8316
8368
8317
8338
8323
8372
8291
8333
8276
8327
8289
8304
8316
8369
8290
8303
8288
8340
8265
8293
8290
8313
8262
8338
8256
8327
8257
8295
8268
8299
8231
8287
8274
8294
8226
8260
8230
8243
8221
8274
8212
9668
8234
8281
8248
8300
8187
8249
8189
8232
8191
8263
8212
8278
8185
8233
8194
8231
8207
8247
8187
8203
8170
8193
8152
8204
8160
8224
8166
8224
8135
8197
8151
8247
8175
8224
8169
8197
8125
8174
8124
8188
8142
8187
8113
8168
8124
8125
8109
8128
8093
8131
8085
8139
8069
8118
8081
8121
8047
8143
8073
8143
8082
8102
8054
8131
8047
8087
8043
8125
8045
8074
8023
8099
8019
8072
8037
8116
8014
8047
8024
8042
8034
8064
8039
8130
7987
8042
7997
8033
8014
8054
7978
8008
8000
8031
7971
8016
7981
8062
7955
8001
7981
7992
7968
7987
7961
7954
7951
8065
7972
7995
7946
8004
7939
7943
7943
7954
7937
7960
7916
7938
7920
7965
7910
7971
7888
7971
7897
7957
7910
7935
7919
7916
7874
7914
7882
7974
7846
7908
7862
7924
7880
7888
7852
7932
7876
7922
7840
7906
7835
7878
7824
7898
7836
7904
7827
7886
7841
7872
7842
7865
7812
7887
7807
7875
7807
7861
7813
7853
7773
7887
7802
7859
7780
7868
7780
7839
7770
7831
7784
7805
7752
7796
7779
7818
7725
7798
7730
7779
7766
7785
7723
7790
7758
7802
7734
7828
7751
7738
7712
7781
7708
7761
7720
7755
7738
7743
7689
7739
7704
7742
7706
7737
7681
7738
7680
7703
7689
7752
7687
7706
7695
7700
7634
7718
7651
7695
7646
7715
7661
7676
7633
7717
7639
7698
7638
7678
7620
7677
7635
7687
7622
7658
7586
7663
17874
7940
8153
8281
17029
8182
8075
8104
8730
8134
8760
8747
8831
25145
8959
8994
8587
7850
7792
7812
7786
7859
7795
7833
18178
7590
7560
7576
7574
7592
7510
7541
7542
7570
7561
7589
7541
7546
7518
7553
7523
7545
7541
7521
7524
7506
7538
7522
7498
7540
7488
7513
7495
7517
7485
7492
7460
7520
7484
7497
7477
7467
7457
7492
7469
7480
7464
7485
7444
7471
7477
7494
7443
7447
7429
7438
7428
7452
7440
7476
7392
7440
7412
7449
7411
7434
7419
7433
7399
7436
7406
7416
7410
7414
7379
7439
7413
7408
7399
7401
7347
7406
7348
7386
7362
7381
7356
7395
7360
7362
7301
7400
7343
7381
7344
7324
7354
7367
15283
7385
7334
7362
7292
7332
7290
7331
7283
7354
7302
7342
7285
7353
7279
7352
7290
7321
7292
7323
7273
7320
7292
7323
7263
7325
7241
7281
7252
7302
7234
7281
7259
7305
7245
7226
7246
7281
7224
7231
7249
7263
7234
7255
7208
7253
7225
7197
7232
7240
7210
7259
7194
7216
7218
7210
7195
7211
7189
7217
7171
7247
7176
7185
7165
7200
7123
7178
7150
7183
7158
7191
7146
7217
7136
7179
7133
7183
7143
7165
7137
7176
7130
7167
7116
7138
7122
7120
7070
7177
7111
7161
7087
7126
7093
7126
7082
7136
7087
7109
7084
7100
7068
7093
7071
7152
7048
7089
7060
7120
7066
7080
7037
7057
7020
7017
7038
7092
6996
7073
7014
7083
6998
7042
7009
7030
7006
7037
6984
7082
7000
7048
6996
6995
6979
7013
6991
7026
7006
7009
6946
7044
6980
7023
6969
7016
6946
6977
6924
6983
6960
6986
6964
6980
6960
6975
6909
6970
6959
6937
6941
6963
6924
6946
6925
6963
6908
6968
6924
6915
17055
7130
7106
7116
7091
7117
7099
7166
16006
6899
6880
6915
6865
6892
6864
6929
6863
6903
6858
6860
6871
6881
6871
6922
6846
6863
6836
6843
6835
6859
6838
6898
6813
6852
6815
6848
6812
6815
6815
6879
6785
6818
6817
6838
6794
6835
6795
6910
6774
6815
6764
6871
6795
6821
6747
6767
6746
6801
6787
6812
6762
6772
6768
6819
6731
6806
6747
6787
6682
6768
6706
6724
6734
6742
6699
6748
6706
6744
6695
6760
6689
6713
6691
6710
6696
6721
6682
6747
6659
6697
6659
6718
6663
6730
6666
6691
6657
6683
6671
6683
6643
6671
6636
6665
6609
6655
6628
6705
6621
6660
6626
6662
6608
6646
6621
6642
6623
6633
6610
6664
6610
6636
6574
6642
6620
6630
6561
6649
6560
6606
6561
6615
6561
6601
6566
6597
6555
6582
6536
6592
6558
6591
6529
6630
6535
6564
6569
6561
6517
6542
6538
6573
6521
6540
6489
6545
6518
6534
6516
6561
6484
6503
6494
6514
6469
6498
6499
6509
6500
6505
6486
6493
6471
6534
6482
6544
6463
6500
6486
6490
6444
6485
6436
6505
6429
6442
6448
6455
6420
6467
6432
6501
6408
6467
6429
6448
6410
6426
6395
6447
6417
6428
6383
6422
6383
6419
6395
6410
6353
6417
6370
6404
6363
6395
6348
6424
6343
6400
6353
6374
6349
6386
6339
6410
6316
6386
6324
6390
6326
6364
6303
6386
6326
6347
6317
6300
6288
6332
6297
6327
6301
6323
6289
6318
8232
6352
6288
6323
6272
6292
6281
6317
6268
6309
6265
6348
6252
6302
6267
6317
6242
6277
6251
6282
6240
6268
6240
6255
6208
6250
6213
6285
6206
6220
6214
6236
6202
6255
6208
6252
6215
6250
6187
6235
6179
6245
6165
6247
6166
6234
6187
6216
6170
6192
6193
6217
6169
6174
6164
6195
6186
6169
6137
6200
6149
6180
6132
6182
6117
6130
6113
6187
6122
6155
6108
6145
6084
6153
6118
6147
6089
6110
6058
6106
6095
6139
6088
6110
6078
6128
6054
6125
6081
6102
6079
6131
6046
6088
6048
6066
6036
6075
6028
6098
6033
6051
6025
6057
6036
6056
6034
6076
6008
6065
6032
6067
5999
6026
6004
6047
5999
6000
6001
6034
16060
6201
6154
6207
6178
6212
6814
7020
15908
7220
6159
6188
6915
7323
6157
6187
6123
6155
6128
6196
6098
6142
6096
6119
6161
6160
6106
6133
6085
6154
6062
6138
6084
6138
6077
6172
6068
6975
7393
6185
6069
6105
6051
6149
6077
6057
6047
6069
6057
6029
6038
6090
6917
7110
6043
6105
6028
6059
6026
6060
6013
6003
6009
6029
6012
6039
6004
6073
6023
5988
5981
5996
5974
6018
5985
5992
5988
6001
5987
6065
5934
5989
5973
5977
5976
6015
5939
5973
5923
5967
6399
6952
6491
6811
6401
6909
5931
5952
5877
5990
5934
5985
5891
6053
5865
5981
5884
5904
5871
5892
5892
5931
5902
5936
5881
6753
6971
6581
5849
5855
5867
5902
5857
5891
5851
5861
5850
5856
5837
5932
5814
5852
5878
5912
5832
5869
5806
5868
5821
5859
5982
5832
5808
5832
5798
5832
5780
5852
5808
5812
5744
5797
5785
5807
5798
5847
5767
5787
5753
5793
5796
5835
5788
5943
5888
5768
5769
5847
5726
5779
5711
5830
5716
6273
6584
6152
6121
6097
6092
6894
6557
6667
6726
6691
5997
6369
6301
5917
8729
8356
8687
8458
5693
5723
5668
5801
5698
5686
5658
5676
5661
5704
5622
5719
5625
5676
5641
5663
5625
5667
5617
5690
5599
5643
5610
5635
5616
5701
6278
5657
5616
5593
5596
5628
5575
5646
5604
5644
5602
5622
5593
5636
5579
5602
5547
5609
5544
5546
6262
5738
8086
5862
6165
7420
9570
6101
5545
5578
5531
5563
5510
5600
5512
5572
5498
5533
5506
5547
5478
5562
5476
5520
5492
5532
5490
5531
5480
5846
5771
5484
5469
5518
5479
5476
5457
5503
5451
5462
5427
5483
5433
5451
5439
5482
5432
5469
5411
5448
5419
5457
5404
5487
5549
5980
5492
6008
6551
7249
5920
5488
5388
5425
5395
5400
5352
5432
5380
5438
5367
5378
5355
5376
5343
5384
5339
5394
5315
5376
5602
5431
5323
5365
5329
5573
5321
5371
5309
5365
5313
5335
5286
28047
8285
6728
6303
6476
6121
5317
5344
5340
5288
5314
5290
5300
5290
5318
5329
5331
5242
5302
5253
5296
5264
5282
5271
5283
5267
5270
5239
5279
5229
5271
5240
5276
5218
5232
5209
5210
5215
5280
5241
5252
5210
5220
5208
5264
5191
5223
5174
5217
5189
5256
5169
5208
5182
5231
5197
5226
5158
5164
5165
5191
5485
5208
5149
5191
5142
5432
5144
5164
5136
5161
5133
5206
5297
5177
5135
5151
5117
5150
5082
5175
5106
5148
5104
5130
5086
5182
5116
5144
5084
5388
5091
5152
5069
5117
5051
5126
5038
5085
5059
5063
5061
5081
5053
5156
5060
5087
5150
5067
5035
5060
5046
5074
5060
5054
5013
5086
5025
5040
4978
5182
4997
5059
4992
5027
5051
5020
4978
5016
4991
5012
4964
5027
4965
5025
4960
5019
4957
4962
4945
5004
4958
4988
5039
4996
4956
4982
4902
4942
4920
5096
4930
5280
5113
6914
5537
5186
7362
5635
5844
5266
5509
6455
6114
6227
6302
6072
5554
5743
5617
6636
7613
7369
5507
5617
6042
5766
5782
5875
5872
6008
5617
5981
5855
5956
5614
5670
5743
6520
6138
5752
5911
5603
5940
5850
5888
5715
5823
6234
6041
6906
5907
6223
6381
5856
5658
5716
5789
6038
5617
5784
5803
5969
5889
5948
5927
5539
5722
5537
5879
5982
5705
5598
5813
5701
5823
5853
5565
6322
5994
5779
5908
6199
5690
5624
5913
6099
5977
5698
5607
5806
5801
5836
5874
5730
5941
5891
5731
6102
5869
5718
5491
5529
5638
5739
5729
5387
5763
5954
5405
5565
5585
5803
5617
5358
5646
6956
6844
7445
6654
5624
5707
5613
5657
6140
6092
6264
5782
5965
5938
6537
6056
6307
5527
5948
5478
5549
5848
5607
5731
5897
5752
5943
5795
5850
5556
5862
5798
5778
6234
6122
5590
5522
5740
5554
5705
5162
6065
5980
5538
4919
5470
5498
5757
5746
5604
5977
5928
5777
5894
5993
5876
5805
5848
5784
5910
5915
5429
5873
5876
5993
6019
5425
5522
5594
5830
5392
5986
6132
5560
5817
5887
5691
5727
5953
5916
5932
5961
6010
5729
6082
5980
5924
5865
6033
6026
5968
5734
5856
5551
5781
5861
5417
5111
5289
5350
5698
5699
5862
5671
5730
5313
5630
5500
5516
5678
5621
5369
5468
5459
5541
5592
5677
5387
5250
5267
5422
5420
5498
5393
5497
5624
5565
5442
5672
5377
5614
5516
5510
5537
5540
5481
5600
5508
5518
5488
5520
5510
5607
5289
5496
5547
5587
5542
5375
5523
5645
5750
5673
5698
5502
5041
5505
5445
5472
5435
5552
5368
5510
5464
5501
5473
5527
5417
5501
5443
5033
4947
5277
5249
5271
5253
5207
4880
5249
5278
5119
5108
5329
15806
5261
5256
5345
5172
5452
5246
5415
5371
5213
5031
5299
5208
5310
5414
5244
5213
5292
5158
5062
5073
5326
5483
5354
5207
5123
5069
4766
5225
5204
5198
5400
5163
5345
5260
5250
5316
5247
5502
5679
5120
5017
4938
5283
5462
5496
5337
5286
5178
5382
5481
5381
5398
5128
5333
5440
5446
5375
5496
5151
4972
5264
4804
5189
5420
5241
5210
5085
5202
5354
5193
5378
5203
5144
5249
5219
5208
5157
5347
5262
4962
5098
5191
5173
5180
5192
5134
5261
5167
5272
5212
5238
5367
5392
4961
5200
5231
5227
5218
5289
5171
5356
5145
5236
5303
5314
4974
4751
5055
5683
5247
5299
5297
5243
5197
5191
5267
5278
5222
5351
5317
5338
5307
5346
5337
5296
5074
5239
5155
5377
5391
5338
5064
5339
5128
5445
4662
5041
5053
5043
5115
5076
5052
5084
5066
5081
5093
5103
5095
5138
4887
5078
5124
5086
5177
5108
5009
5103
4911
5002
5048
5044
4994
5099
5114
5061
4953
5080
5036
4935
5056
5054
5005
4921
4905
5052
4999
4992
4905
5013
4533
4605
4899
5011
4922
4993
4998
4978
4953
4974
5089
4929
4824
4975
4944
5016
4943
4881
4943
4893
4963
4984
4862
4928
4755
4357
4822
4913
4845
4814
4917
4838
4898
4892
4827
4949
4837
4852
4891
4897
4845
4779
4613
4591
4828
4868
4747
4824
4876
4856
5043
4921
4717
4689
4692
4703
4708
4677
4781
4769
4684
4857
4706
4699
4647
4697
4711
4733
4654
4695
4651
4659
4641
4569
4746
4733
4541
4603
4567
4654
4675
4642
4667
4687
4522
4660
4570
4602
4439
4534
4637
4677
4535
4434
4679
4625
4571
4492
4629
4767
4754
4799
4766
4773
4622
4641
4488
4436
4580
4432
4553
4576
4543
4635
4264
4481
4480
4519
4475
4451
4461
4363
4387
4402
4296
4481
4652
4691
4521
4659
4508
4668
4702
4657
4436
4138
4055
4430
4355
4500
4481
4472
4510
4544
4516
4440
4381
4551
4441
4465
4459
4469
4459
4497
4275
4260
4069
4600
4423
4475
4487
4447
4423
4479
4417
4400
4329
4308
4271
4353
4261
4280
4312
4305
4361
4361
4271
4341
4277
4420
4378
4306
4317
4361
4295
4289
4262
4381
4330
4179
4230
4244
4223
4267
4261
4300
4247
4257
4239
4264
4161
4226
4268
4218
4301
4265
4288
4170
4179
4221
4141
4179
4196
4276
4372
4254
4248
4214
4103
4088
4117
4082
4150
4228
4194
4261
4065
4097
4120
4102
4062
4089
4069
4049
3999
4029
3974
4086
3779
4101
3863
3933
4173
3860
4089
3803
4041
4170
3781
4066
3980
4135
3866
3782
3819
3993
4032
3840
3718
3839
4156
3835
3740
3763
3942
3904
3772
3929
3927
4162
3768
3740
3893
3949
3901
4068
3728
3627
3947
4096
3816
3783
3903
3943
3706
4018
4028
3694
3649
3717
3969
3776
3988
3996
3997
3981
4015
4019
3990
3987
3825
3808
3959
4084
3796
3972
3705
3444
3756
3731
3726
3656
3176
3588
3063
3157
3910
2883
2916
2902
2910
3096
3201
6093
6100
6083
6034
6017
6002
6029
5988
5940
6067
6020
5918
3086
3370
3319
3524
3491
3614
3553
3520
3574
3540
3534
3411
3625
3621
3522
3750
5726
5524
5569
5466
3839
3858
3899
3991
3849
3803
3883
3888
3732
3516
3640
3777
3777
3769
3683
3620
3311
3148
3420
3617
3652
3575
3514
3537
3586
3451
3627
3559
3592
3622
3561
3552
3412
3108
3090
3010
2711
2731
2697
2725
2715
2689
2685
2690
2664
2702
2670
2679
2667
2808
2981
2947
4558
5276
5255
3852
2944
3003
2961
3142
3187
4106
2783
3033
2938
3216
3318
2648
2618
2641
2621
2647
2641
2609
2603
2616
2606
2620
2612
2614
2620
2613
2586
2615
2574
2589
2649
2589
2552
2595
2542
2592
2557
2549
2559
2574
2571
2555
2528
2553
2520
2579
2518
2556
2523
2562
2547
2515
2524
2537
2513
2524
2547
2538
2494
2515
2486
2510
2476
2507
2537
2506
2480
2482
2449
2513
2450
2488
2470
2473
2447
2489
2480
2489
2460
2474
2477
2466
2418
2460
2436
2463
2441
2435
2434
2442
2406
2427
2395
2451
2401
2425
2427
2433
2377
2419
2393
2411
2367
2412
2432
2448
2376
2382
2359
2406
2373
2388
2356
2387
2334
2386
2336
2351
2335
2378
2353
2362
2319
2360
2331
2361
2318
2343
2311
2364
2298
2321
2298
2327
2305
2315
2326
2318
2277
2329
2274
2307
2269
2307
2286
2309
2279
2259
2273
2304
2265
2292
2269
2301
2236
2268
2256
2290
2255
2283
2256
2252
2214
2257
2230
2248
2223
2248
2224
2243
2202
2253
2196
2227
2187
2241
2209
2218
2169
2207
2176
2215
2179
2208
2201
2185
2157
2200
2147
2186
2146
2208
2168
2183
2149
2155
2145
2172
2140
2177
2147
2122
2132
2119
2117
2104
2107
2122
2108
2109
2101
2103
2094
2091
2089
2092
2174
2095
2109
2092
2136
2069
2090
2064
2093
2057
2068
2060
2062
2046
2045
2062
2084
2053
2042
2021
2065
2039
2035
2017
2085
2026
2011
2015
2053
2018
2013
2004
2032
2050
2005
2020
2019
2005
1999
1993
1994
1967
1983
1964
1992
1973
1992
1974
1978
1984
1964
1948
1979
1942
1979
1942
1964
1944
1943
1930
1937
1931
1924
1930
2007
1931
1927
1915
1942
1899
1919
1896
1915
1894
1901
1899
1911
1896
1887
1881
1890
1895
1879
1881
1865
1882
1878
1862
1871
1861
1855
1863
1851
1845
1844
1828
1856
1829
1825
1840
1860
1827
1860
1822
1865
1823
1817
1814
1807
1799
1808
1808
1801
1808
1799
1796
1794
1787
1788
1785
1793
1785
1781
1766
1776
1775
1780
1772
1848
1768
1749
1753
1793
1747
1746
1737
1773
1733
1749
1729
1734
1720
1724
1729
1738
1718
1730
1701
1732
1689
1705
1694
1722
1687
1683
1686
1691
1686
1669
1688
1681
1673
1686
1672
1667
1649
1687
1662
1677
1642
1655
1643
1672
1644
1637
1638
1631
1638
1626
1626
1625
1611
1620
1608
1654
1597
1613
1597
1626
1601
1605
1598
1696
1593
1580
1582
1580
1589
1623
1576
1631
1558
1567
1573
1579
1551
1560
1560
1565
1555
1556
1548
1563
1543
1582
1536
1544
1537
1530
1523
1538
1514
1519
1504
1524
1502
1500
1483
1516
1503
1494
1492
1515
1475
1478
1478
1476
1476
1477
1471
1487
1466
1471
1448
1456
1456
1459
1448
1480
1442
1454
1436
1440
1426
1438
1427
1519
1421
1433
1418
1405
1404
1400
1403
1418
1401
1407
1398
1394
1402
1405
1377
1410
1399
1388
1362
1397
1370
1407
1362
1386
1350
1366
1361
1391
1356
1353
1352
1362
1344
1342
1342
1335
1336
1356
1316
1354
1318
1319
1319
1306
1315
1314
1303
1319
1297
1295
1295
1284
1280
1305
1294
1305
1275
1290
1288
1293
1273
1314
1258
1378
1265
1269
1262
1282
1263
1266
1241
1273
1244
1236
1205
1275
1243
1236
1196
1247
1221
1219
1221
1206
1212
1217
1193
1244
1192
1200
1192
1198
1199
1219
1185
1208
1194
1167
1175
1189
1158
1215
1165
1178
1163
1151
1144
1198
1143
1162
1142
1172
1154
1133
1132
1159
1121
1158
1114
1253
1121
1131
1113
1135
1105
1096
1093
1528
1101
1114
1080
1091
1094
1092
1084
1095
1076
1079
1069
1069
1060
1061
1060
1091
1060
1066
1051
1094
1047
1063
1047
1077
1042
1034
1036
1054
1020
1038
1026
1038
1036
1018
1010
1019
988
1037
1002
1026
1001
1000
994
996
989
993
979
999
976
972
963
1022
968
958
963
979
963
937
946
954
949
962
947
973
942
931
926
931
924
928
907
947
911
916
908
907
901
922
892
922
893
889
886
885
883
885
875
904
871
871
866
883
857
886
843
881
854
853
846
848
839
853
831
845
827
833
822
830
821
824
820
832
813
806
800
794
800
803
796
829
788
791
789
787
781
782
775
783
783
777
760
766
759
757
757
772
753
750
754
744
734
736
724
872
764
735
758
893
746
741
720
743
739
716
728
720
721
696
696
729
697
696
688
675
682
671
676
690
670
672
671
662
652
651
648
684
658
652
647
646
643
643
629
659
639
637
643
623
626
618
610
637
610
606
607
596
596
603
587
600
597
594
583
572
576
580
563
586
582
571
563
560
554
551
542
566
551
548
545
537
531
536
519
544
536
529
520
514
514
508
507
521
509
511
505
485
488
494
485
497
482
485
481
467
470
472
463
477
464
468
456
451
451
450
439
461
448
442
436
440
428
433
422
440
421
419
419
415
409
409
412
421
404
399
400
397
402
388
391
400
400
373
395
378
372
373
367
374
369
359
367
356
350
354
344
365
353
338
337
336
324
329
319
338
324
320
318
312
307
306
308
315
293
292
290
298
291
292
281
301
278
279
284
270
263
270
261
278
265
256
263
254
250
247
243
258
240
244
238
230
219
222
212
234
223
222
214
214
204
206
197
217
188
196
190
188
180
181
177
376
233
178
165
222
180
217
175
191
183
142
132
164
137
122
133
124
113
117
109
120
99
101
99
113
93
89
90
110
108
92
91
76
89
78
