10862
1946
559
369
414
367
954
558
438
423
511
481
401
413
478
492
438
532
610
573
470
426
589
639
684
553
676
584
540
607
647
986
2463
1464
1067
853
759
911
702
874
794
743
868
709
848
903
845
896
876
891
828
919
874
971
817
853
839
832
991
950
956
1011
836
861
1098
887
841
919
1083
1019
1032
1065
1162
1064
1028
1005
1059
980
1024
1043
1326
992
1142
1091
895
917
810
857
925
904
876
911
986
939
936
919
987
916
951
1017
1040
1297
1122
1449
1414
1212
1365
1259
1363
1377
1406
1480
1515
1269
1323
1323
1295
1406
1246
1421
1495
1191
1446
1526
1563
1569
1641
1787
1652
1355
1497
1356
1884
1489
1435
1615
1641
1484
1798
8491
1472
1383
1533
1551
1443
1394
1452
1529
1521
1612
1692
1598
1625
1655
1743
1658
1548
1549
1710
1550
1761
1551
1807
1964
1964
1835
1730
1821
1887
1686
1721
1804
1941
1881
1793
1810
2036
1898
1860
1832
1750
1964
1931
2196
2061
1944
2320
1962
1930
2002
1790
1976
1956
1881
1892
1766
2136
1922
1994
1945
2133
1865
1933
2035
2302
2146
2256
2141
2167
2245
2117
1972
2274
2202
2226
2319
2192
2007
1934
2236
2491
2259
1977
2370
2273
2395
2449
2147
2375
2455
2090
2072
2173
2382
2239
2165
2423
2501
2346
2344
2571
2620
2467
2371
2234
2675
2222
2497
2611
2109
2437
2277
2357
2402
2288
2655
2443
2491
2752
2509
2692
2326
2295
2518
2331
2269
2482
2294
2443
2413
2371
2831
2494
2958
2427
2615
2592
2634
2755
2615
2523
2654
2388
2889
2788
2560
2764
2901
2790
2967
2569
2677
2924
2614
2870
2590
2884
2823
2736
3064
2737
2636
2692
2740
2686
2649
2654
2611
3067
2918
4389
3606
2743
3336
2755
2734
3225
3180
2740
3287
2809
3010
2837
3021
2864
2993
2872
3044
2769
2887
2887
2951
2972
2812
3114
3138
3531
3686
2977
2987
3194
2870
3453
3247
3109
3162
3181
3174
2979
3260
3363
3545
3172
3555
3345
3825
3616
3338
3541
3739
3534
3483
3405
3397
3474
3550
3264
3490
3218
3671
3325
3185
3007
4092
3910
3475
3116
2981
3212
2906
3312
3125
3560
3951
3333
3201
3408
3184
3439
3861
3483
4012
3664
3145
3717
3835
3443
3285
3271
3589
3637
3771
4003
4152
4164
4300
3307
3836
3666
3665
3324
3983
3668
3434
4220
3686
3805
3946
3943
3892
3753
3514
4086
4101
3840
4236
4023
4215
3894
4077
4017
4466
4310
4120
4230
4246
4295
3988
4130
3829
3623
3774
4047
4089
3923
4020
4047
4247
4233
4404
4018
4315
4140
4573
4146
4370
4193
4364
4144
4520
4421
4345
3913
4129
4041
4153
4187
4275
4172
4261
4440
4349
4012
4049
4126
4241
4422
3737
14137
4022
4031
4118
4023
3771
4209
3846
3846
4199
4044
4434
4386
4187
5101
4212
4397
4605
4236
4574
4581
4317
4648
4670
4392
4558
4505
4370
4516
4220
4839
4514
4856
4654
4642
4592
4385
4080
4905
4121
4023
4368
4587
4514
4461
4479
4766
4367
4591
4496
4693
4825
4971
5078
5469
5140
5231
4539
4115
4658
5249
4653
4913
4485
4496
4685
5215
4755
4882
4739
5068
4659
4931
4714
5102
5236
4928
5107
5148
5463
5238
4832
4691
4825
4667
4285
5255
4886
4608
4710
4624
4348
4325
4801
5312
5266
5060
5726
5342
5436
4937
5295
4426
4451
4728
17043
5715
4839
5020
4931
5759
4548
4851
4779
4670
6314
5767
4963
6463
4662
5415
5119
4514
4427
4679
4717
4611
4496
4590
6282
5354
4994
4917
5009
5996
4597
5444
4642
4603
4568
4589
5350
4869
5135
4538
5233
4694
5653
5949
3801
4072
4053
3915
3594
3678
3486
3724
4106
4241
3688
3950
3873
4184
4106
4475
4288
3793
3889
3979
3555
3596
3474
3942
3585
3844
3928
3705
4113
4140
4151
4102
4159
4168
3615
3754
4112
4176
4110
3635
3781
3604
3754
3899
3855
4140
4663
3701
3737
3957
3781
4600
4214
4146
4129
4013
4941
5511
4444
4509
5171
4306
4906
4981
4988
5134
4005
4319
4229
5432
4420
4568
4823
5921
5024
4765
5387
5389
4708
5311
6377
4921
4832
4880
4815
4693
5142
4975
5727
5332
4275
4701
4623
4789
4085
5074
4579
4851
5290
6451
4967
4594
4906
5182
4989
4860
4990
4091
4359
4033
4431
4476
4538
4190
4272
4286
4159
5415
4199
4249
4735
5119
4111
4239
4604
4238
4350
5298
4469
5985
4196
4644
5573
4797
4725
5815
4184
4537
4462
4549
4584
4815
4708
4979
4676
4893
4385
4625
5068
4809
5733
4610
5476
4311
4655
26770
5595
4860
4940
4881
5079
5354
4771
5143
4809
4648
4418
4847
4545
4800
4791
4547
4942
5467
5445
5543
5428
5781
5436
5783
5747
5754
5584
5488
5634
5767
5826
5642
5760
5794
5963
5760
13152
5931
5532
5324
5142
5520
4988
5406
5584
4771
4984
4887
5368
5235
5596
5752
5583
5590
5402
5910
5780
5823
5845
5634
5729
5746
5727
5875
5868
5860
5777
5752
5943
5752
5931
5657
5965
5969
5889
5602
5603
6108
5657
6026
6314
6256
5811
5870
5794
6228
6138
5773
5530
5735
5621
5661
5735
5305
5228
5631
5837
5742
5619
5512
5513
5752
6083
5705
5461
5473
6277
5470
5991
5689
5534
5368
5495
5762
5237
5469
5250
5332
5123
5526
5359
5294
5094
5559
5269
5866
5387
5946
5653
5647
5929
5625
6256
5866
5900
5871
5402
5348
5400
5685
5959
6056
6062
6075
5602
5807
6155
6256
5980
6386
6299
6575
5636
6104
6121
6259
6043
6140
6627
6299
6556
6497
6032
6463
6368
5523
5769
5769
6265
6234
6585
5851
5976
6284
5914
6487
5984
6360
5703
5553
5414
17303
5790
15338
4981
4873
4960
5317
4898
5416
4640
5409
5318
5163
5045
5081
4994
5423
4623
5269
5372
4994
5015
5146
4687
5146
5341
5259
5187
4764
5466
4763
5102
5442
5433
5579
5561
5637
