8157
3587
3512
3412
3516
7292
3898
3639
3343
3993
3762
4058
4159
3819
3794
3948
3658
3743
3490
3701
3569
3868
3636
3835
3897
3913
3775
3379
3787
3244
3969
3571
3310
3632
3470
3770
4307
3914
3461
4094
3264
3412
3401
3799
3489
3423
3796
3653
3629
3441
3391
2967
2979
2921
2965
3058
2933
3056
2935
2846
3040
3063
3046
3005
3242
3119
2917
3454
3080
2936
2970
3031
2917
3054
3146
3096
3087
3246
83343
3737
3547
3585
3307
3686
3508
3217
3544
3407
3239
3319
3040
3148
3257
2995
3092
3205
3235
3392
3326
3237
3299
3310
3376
3330
3084
3642
3611
3106
3334
3281
3433
3900
3387
3558
3714
3996
3831
3777
3259
3268
3017
3264
3333
3367
3484
3381
3089
3333
3257
3717
3552
3666
3818
3735
3587
3839
3566
3970
3806
3390
3663
3482
3764
3734
3755
3736
3784
3646
3894
3430
3380
3493
3500
3731
3818
3594
3548
3542
3268
3305
3304
3415
3326
3456
3369
3442
3304
3268
3440
3639
3245
3338
3463
3297
3645
3583
3336
4341
4069
3307
3532
3763
3415
3869
3359
3416
3307
3306
3634
4729
4637
3725
3538
3515
3559
3812
3467
3872
3771
3912
3593
3422
3680
4232
3837
3893
4334
3984
3982
3655
4221
3793
3880
3860
3415
6644
3288
3405
3358
3231
3377
3258
3247
3457
3339
3372
3267
3259
3417
3271
3280
3425
3267
3411
3309
3282
3434
3293
3313
3448
3274
3399
3308
3281
3425
3305
3284
3438
3282
3427
3329
3327
3427
3329
3338
3485
3306
3456
3376
3509
3470
3351
4051
3485
3722
3592
3366
4094
3526
3373
3400
3497
3340
3470
3380
4226
3592
3424
3431
3516
3391
3529
3424
3404
3528
3430
3444
3590
3370
3531
3415
3435
3541
3445
3476
3582
3486
3590
3446
3488
3593
3445
3463
3617
3485
3607
3487
3470
3589
3517
3460
3600
3783
3646
3493
3559
3585
3536
3496
3622
3463
3614
3512
3497
3624
3531
3543
3643
3496
3659
26775
3614
4000
3582
3564
3666
3518
3664
3579
3549
3755
3551
3717
3690
3598
4114
3617
3571
3729
3615
4169
3815
3948
3963
3711
3632
4138
3569
3952
4854
3615
4305
3768
4394
3792
3886
3912
4020
3794
3730
4174
3781
3806
3882
4403
6192
7399
4478
4960
4310
4097
3988
3756
4065
3749
4428
4919
5045
4820
4771
4467
5856
4266
3857
3975
3694
3944
4200
5006
3939
3730
4003
4048
3629
3987
3732
4898
4790
5468
3833
4065
4213
5016
6645
5139
4567
4148
4695
3742
3698
4216
3918
3887
4089
4006
4070
4278
4298
4130
4234
4270
4355
3884
5391
4137
6823
4756
4129
5339
5213
4228
4420
5087
4594
4599
4275
4456
4267
4344
4902
4630
5352
4571
5449
4891
6371
5182
5110
4071
4847
6932
7225
6104
4798
5110
4321
4949
4435
4793
4570
5055
5278
5122
5298
4718
4150
4112
5219
4021
4022
4111
4155
3965
4098
4050
3919
3941
4287
3976
4012
4488
4143
4021
6687
4571
4925
4534
4381
4496
4646
5102
4946
4966
4327
4361
4476
4458
4508
4582
4324
4629
4765
4758
4737
4787
5059
4662
4211
4957
4565
4741
4549
4552
5220
4639
4645
4907
4780
5289
5274
5395
4864
4730
5072
5115
4916
5017
4721
4679
4791
5084
4898
4501
5071
4909
4659
5055
5424
5177
4863
5965
5344
4838
4596
4577
4860
4895
4892
5128
5071
5289
5230
4945
5194
4380
5070
5090
4742
5082
4576
5109
4995
5439
5261
5239
4797
4905
4900
4844
5148
5000
5048
5174
4830
4920
5179
5052
5061
4837
4799
4480
4719
4429
5231
5090
5174
5178
4624
4941
4711
4979
5576
4822
4957
5168
5091
5116
16739
5454
5403
5511
4977
4694
5431
5129
5379
5427
5261
5559
5032
4873
7376
4936
5009
5843
5856
5692
5169
5010
5181
5165
5415
5422
5033
5197
5939
5741
5188
5403
5225
5585
5292
5199
5759
5770
6009
5999
5397
5175
5469
5452
5305
5493
5349
5204
5428
4831
5168
5231
5438
5413
5360
5686
4866
5578
5390
5485
5291
5703
5065
5569
6298
5082
5257
12004
5463
5505
5288
5288
5751
5037
5438
5547
5247
5380
6647
5225
5344
5487
5391
5764
5131
5504
5167
5527
5497
5664
5177
5364
5333
5773
5472
5103
5101
5692
5767
6754
6295
6873
7322
7621
5965
5568
6000
5723
6337
5589
7223
5426
5448
5606
5455
5279
5755
6055
5304
5543
5387
5647
5307
5365
5862
5376
5554
5110
5513
5424
5981
5496
5649
5609
5783
5809
5924
5698
6457
6244
6286
6074
5643
5698
5572
6769
7746
7302
5846
7555
6491
5974
6487
6009
6252
6230
5652
5599
5205
5482
5816
5744
5570
6642
5864
5673
5674
5662
5844
5678
5685
5598
5800
5488
5501
5563
5855
5756
5691
5709
5994
5526
5677
5925
5714
5682
5818
5837
5842
5691
5612
5865
5776
5538
5563
6306
6014
5695
6036
6311
5916
5605
5422
5820
6488
6101
6107
6071
5690
5857
5912
5376
6423
5085
5880
5953
5831
5941
5767
6169
6217
5901
5950
5930
5013
6204
6174
6155
6171
6139
5744
6309
6448
5875
5892
6226
5805
5678
6191
6244
6135
6258
6303
6346
6465
6356
6292
6210
5977
6070
6384
6421
5955
5384
5283
5623
6012
5744
5573
5372
6935
6486
5494
5742
6604
7497
5793
9750
5926
6280
5902
5906
5932
7673
5970
5844
5812
5658
5754
5970
5874
5764
5914
5540
5708
5725
5920
5662
6002
5850
5619
5705
7628
6502
6030
6267
5651
5896
5807
5907
5638
5429
5538
6252
6144
5812
5631
6844
6129
5931
6078
6044
6317
5723
6080
6023
6552
6816
5733
6544
6639
6079
5863
6325
6005
6303
5892
7043
6995
6491
6060
5771
6338
6219
5981
6775
6283
6273
6367
6210
6635
6538
6658
5666
6269
5435
5307
5776
6970
6401
6837
7006
7017
6463
5498
5776
6683
6721
6946
6550
6681
5819
5633
6606
5850
6395
6734
6968
6679
7006
7191
6531
6670
6453
5964
7001
6947
7268
7292
6988
7367
7305
7093
7558
7136
7295
7212
7246
7136
6677
6524
6896
6653
7054
