9585
7640
7852
7550
6957
7062
6978
6856
7358
8171
7561
7496
10553
7207
14741
6505
6486
6151
6922
6385
6408
6629
6475
6351
6569
6972
6426
6763
6480
6585
6953
7069
6784
12168
6841
6497
7044
6853
7035
7546
7378
7798
6586
6869
6995
7129
6766
6971
6591
6658
6633
6867
6663
7295
6289
6447
6637
6499
6381
6412
6861
6696
6397
7240
6334
6711
7463
6668
6382
6795
6697
7340
6850
7005
6881
6899
6857
7061
6532
8024
7076
6206
6395
6034
6030
6616
6880
7313
6860
6983
6753
6662
6492
7535
6596
7005
6814
6415
6938
7061
7308
20687
6976
6433
7278
7104
6997
7447
6782
7463
6601
7039
6914
7036
7331
6631
6576
7210
7117
6590
6798
6896
6716
6749
6690
6885
6835
6939
6447
7079
7550
6684
7146
6648
6614
7050
6649
6529
6868
7389
7202
8021
7089
7405
7921
6758
7169
7215
6637
6777
7458
6783
7082
6938
7365
7146
6870
7743
7367
7159
7489
7224
7059
7526
7201
6793
6379
6708
6908
7239
7135
7514
7128
7086
6927
7073
6654
7111
7740
7474
6561
6938
7611
7663
6843
6614
7205
6318
6713
7138
6905
6588
6657
7273
7474
7754
7701
7429
7445
7483
7261
7179
7015
6894
6981
7350
8202
7263
6752
6702
7214
6716
7154
7416
6692
7147
6892
6972
6986
7075
7083
6928
7107
7354
7400
7403
8112
7652
7613
7863
7818
7355
7314
7236
6887
7162
7218
6770
6969
6823
7252
6905
6792
7124
7960
8681
8386
8371
8325
8047
8414
8200
8314
8828
8482
8652
8336
8550
7142
7814
7771
8187
8071
8362
8357
8708
8466
8318
8396
8551
8481
8592
8424
8120
8320
8627
8505
8423
8383
8461
8576
8555
8758
8522
8392
8779
8690
8446
8306
8475
7675
7179
7607
7085
7383
8080
6862
7116
7183
7268
7307
7118
7567
7461
8118
7226
7419
7543
7906
7668
7277
6929
7937
7924
8363
8250
8867
8700
7699
8119
7116
7385
7191
7054
7908
8146
7775
7309
7134
7603
7264
7637
7748
8158
7699
8570
7443
7211
7433
6914
7158
7638
7880
7172
7201
8381
8014
8428
7901
7968
7028
7486
7857
14881
8157
7774
7607
7508
7190
7466
7578
7620
8257
7859
7365
7530
7254
7467
7424
8102
8134
8116
7620
7841
7800
8028
8548
8225
8879
7706
8115
8993
8972
7688
7546
7714
7519
7589
7535
7992
7734
7442
8576
7192
7678
7117
7182
7338
6780
7246
7025
7349
7397
7319
6880
7710
7277
7532
7227
7312
7238
7005
7314
7374
7502
7412
6873
7226
7147
7225
6929
7236
7292
7339
7142
6911
7533
7065
7595
7322
7426
7164
7377
6957
7675
7040
7035
7370
7556
7696
7218
7421
36519
6950
7366
7427
7515
7588
7537
7379
7525
7150
7147
7658
7252
7246
7199
7060
7766
7340
7528
7294
7313
7717
7074
7433
7529
7504
7563
7636
7723
7735
7023
7657
7221
7588
7638
7457
7425
7565
7055
7344
7790
7650
7530
7721
7709
7639
7600
7652
7932
7711
7428
7887
7092
7523
7423
7717
7602
7781
7201
7733
7320
7665
7514
7107
7397
7642
7218
7915
7169
7732
7560
7354
7647
7319
7677
7763
7843
7857
7372
7886
7267
7757
7154
7352
7830
7323
7771
7827
7838
7641
7818
7929
7713
7427
7657
7707
7815
7548
7249
7541
7399
7420
7996
7898
7384
7464
7500
7622
7576
7944
7352
8071
7907
7434
7994
8050
7357
8026
8006
7558
7851
7886
7958
7955
7772
7655
7497
7720
8140
7896
7731
7888
7434
8016
7969
7785
7786
7628
8035
7990
7563
8009
7564
7998
7780
7787
8241
8194
7640
7665
7742
7823
7669
7507
7642
8027
7997
7844
7838
7516
7742
7749
7977
8294
7634
8086
7822
8006
8010
7364
7664
8029
7390
7901
7898
7895
7570
8020
8006
7599
7604
7540
8242
8109
7867
7687
7682
7891
7650
7891
8015
8103
7943
7670
7732
7874
8037
7775
7786
7668
8209
7904
7679
8144
7649
8322
7877
8129
8214
8006
8267
7879
8024
8131
7548
8061
8131
7608
8476
9169
8255
8600
8710
8182
8041
7914
8064
8391
8304
7944
8002
8509
8345
7881
7773
8129
8198
8198
7664
8289
7723
8237
7909
7875
7965
8538
7873
8038
7869
7836
8686
7818
7714
8417
8349
27555
8291
7846
8342
8451
8057
7796
7784
8553
7933
8344
7913
8355
7648
7798
8051
8532
8525
8145
7850
8202
7738
8359
7696
8547
7916
7986
8498
8483
7891
8325
8022
8034
8528
8437
8314
8253
7935
8205
8317
7953
8515
7925
8633
8457
7852
8163
8194
7941
8557
8186
8695
8658
7863
8390
8424
8610
8147
8258
8626
8434
7855
7941
8282
8543
8361
8258
8385
8245
8042
8008
7866
8649
8037
8359
8422
8119
8180
8675
8019
8509
8813
8249
8749
8594
8090
8745
7995
8574
8612
7852
8780
8110
8154
8309
25861
9194
8375
8405
8100
8613
8290
8387
8041
8802
8305
8462
8339
8731
8144
8058
8518
9252
8288
8401
8553
8712
8365
8286
8345
8859
8564
8682
8405
8867
8673
8695
8464
9143
8291
8175
8892
8278
8712
8150
8478
8889
8648
8646
8309
8539
8520
8315
8607
8349
8166
8479
8834
8641
8415
8434
8135
8296
8710
8465
8750
8661
8509
8363
8495
8329
8916
8575
8668
8999
8397
8673
8584
8309
8874
8618
8341
8944
8333
8396
8091
8731
8666
8617
8704
9008
8862
8543
8797
8569
8531
8835
8336
8408
8321
8404
8250
8790
8539
8836
8671
8600
8547
8553
8348
8803
8846
8739
8658
8753
8827
8357
8772
8560
8798
8284
9106
9114
8440
8556
8284
8644
8463
8232
8965
8479
8558
8835
8233
9022
8923
8329
9056
9063
8248
9147
8457
9081
8747
8625
9075
8623
8949
8699
8378
9010
8511
8295
8693
9231
8318
8664
8337
8750
8500
8583
9065
9299
8706
8709
8609
8591
8818
9058
9271
8584
8636
8709
8800
9257
8752
8761
8898
9181
8987
9196
9087
8754
8578
8849
8525
9225
9036
8926
8481
9091
8546
9191
8901
8873
8533
9356
8530
8734
8650
9051
8890
9236
8618
8540
8751
8862
9375
9305
9294
8656
8978
9270
9022
