119535
44984
36863
41845
35380
42283
33855
33476
32864
32293
33710
32755
31971
32030
32687
33978
51871
32587
31354
32922
32835
34196
34844
33775
31194
29758
32690
32747
32488
31879
34442
35104
32188
32857
32264
31938
32371
31642
32333
32605
33805
33861
34062
35557
32831
32076
12357
6955
5875
5999
7138
6574
6501
6626
7726
6840
6512
6932
6723
7119
6871
7061
6801
6856
6909
6857
6848
6889
6949
8203
7102
7652
6650
6746
6762
6738
6725
6693
7048
6719
6815
6761
6151
5519
5596
6764
6376
6511
6281
6258
5823
5239
6228
5819
6118
6067
5927
6046
6698
7293
6309
6669
6402
6411
6611
6427
6441
6131
6457
7100
6480
6582
6496
6627
6586
6648
6603
6543
6529
6329
7136
6788
6629
6602
6723
6827
8115
6382
6568
6809
6719
7061
6588
6696
6657
6550
6767
6707
6807
6772
7561
6675
6948
6572
6574
6924
6635
6792
6504
7237
6713
7441
6720
7600
6610
6797
6835
7919
6159
4278
4119
3820
7022
5815
5650
5855
5859
31604
13790
17359
17568
13193
18518
15931
13878
16007
23364
13341
17566
14618
12840
13944
16768
15763
13440
26661
15779
15251
18994
16868
5297
6474
10101
6935
7086
6524
6991
6536
6481
6792
7717
6486
6632
6998
9075
29612
19905
31999
22827
18131
18431
18635
15002
99785
59916
22639
19326
11409
21367
19315
35749
19768
18051
13243
13794
17124
49720
6470
8775
7230
12611
8531
8673
8791
9763
8725
12794
19428
19197
16890
18000
21143
11517
14506
13962
15906
18084
12827
21320
19970
15850
23296
15684
16324
11839
14389
15279
20626
13223
16035
19490
19236
18632
14760
20146
19369
19889
13597
16512
15030
18831
15760
20821
18743
9653
7000
6547
6276
6734
6887
6611
7034
6716
7317
6762
7102
6855
7143
6724
7037
6832
7022
6515
7096
6626
7141
6734
6893
6761
7005
6483
6650
7866
6447
6642
6645
6589
6848
6583
6949
6758
6935
6658
6397
6555
6576
6761
7004
6761
7121
6693
7509
6732
6998
6763
7518
6704
6674
7128
6791
6944
6829
6877
6642
7081
6746
6949
6613
6830
6674
6649
6605
6653
6610
6691
7164
6679
6882
6623
6958
6764
6891
6819
6997
6846
5569
5779
5759
6371
6923
6499
6658
6713
6688
6568
6629
6297
7359
6874
6730
6895
6810
6674
6546
6557
6613
6590
6689
6735
7858
6691
7272
6688
7034
6825
7591
6846
7107
6816
7953
6767
7098
6709
6789
6442
6443
6692
6503
6766
6612
6882
6950
6904
6945
6372
6783
6511
6900
6665
6703
6777
6968
6919
6799
6875
6757
6841
6953
6949
6783
6893
6711
6964
6817
6800
6750
6817
6739
6577
6671
6945
6844
7002
6938
7077
6615
6929
6744
7295
6833
6755
6778
6949
6774
7442
7067
6980
6717
7074
6776
5656
6194
6255
6805
6556
6566
6563
6772
6716
6425
6696
6862
6470
6523
7485
6793
6925
6613
6763
6888
6897
6757
6447
6610
6516
7138
6643
6934
6729
7228
6602
7237
6637
7108
6397
6257
6706
6970
6716
6835
7055
6663
6522
6777
6721
7152
6618
6975
6653
7206
6280
5910
5643
6349
6390
5637
5333
5507
5485
5706
5760
5624
6040
5713
5570
5500
5497
5877
5375
5640
5818
5933
5885
6128
6842
6597
5910
5673
5837
6382
6452
6400
5774
5840
5966
6252
5954
5403
5988
5937
5889
6160
5561
5988
5673
6171
6119
6305
6116
5908
6196
5847
5598
6034
5836
5959
6076
6251
6227
6034
6043
5660
5647
6392
6337
6057
7148
6260
6341
6350
6084
5895
5338
5545
5532
5490
5780
6131
6344
5662
5523
6380
5823
6028
6411
6537
6746
6486
6521
6303
6771
6509
6898
6604
6455
6720
6580
6525
6592
6318
6399
6400
6474
6511
5522
5453
5822
7168
5892
5939
6325
6623
6466
6653
6679
6176
6450
6457
6490
6453
6443
6439
6560
6532
6384
6573
6473
6592
6245
6246
5846
6483
6317
6373
6257
6217
6459
6506
6398
6559
6318
6463
6447
6681
6353
6549
6391
6328
6326
6362
6388
6882
6680
6568
6315
6336
6570
6286
6731
6613
6294
6580
6454
6354
6928
6653
6431
6362
6338
6417
6347
7119
6616
6441
6360
7039
6584
7438
6716
6523
6904
6736
6857
6567
6771
6714
7055
6579
7138
6717
6960
6672
6982
6653
6875
6720
6768
6603
6950
6654
7056
6694
7111
6698
6836
6742
6793
6762
6806
6611
7650
6725
7923
6657
7054
6516
6861
6691
7924
6868
6935
7154
6567
6693
7117
6585
6531
6594
7342
6666
6998
6537
7089
6633
6890
6622
7038
6702
7146
6725
7230
6759
6898
6520
6726
6788
6951
6733
7083
6674
6953
6692
6997
7615
6553
7095
6667
7156
6731
7075
6760
6977
6655
7254
6379
6537
6899
6669
6957
6778
7299
6586
6665
6709
7681
7095
7012
6574
7008
6957
7611
6850
6633
6734
6666
6951
6651
6923
6383
7047
6719
6822
6768
22534
6742
6353
6802
6533
6897
6581
7147
6615
27458
6326
6244
5957
6605
6213
6536
6091
6622
6190
5522
5969
5930
6347
6336
6332
6212
6826
6086
6528
6052
6161
6076
5781
6243
6147
6218
6280
5992
6086
5902
6082
6823
6166
6305
6134
6577
6032
10046
6173
6624
6217
6497
6030
6475
6259
6667
5929
6791
6216
6441
6207
6467
6320
6441
6126
6347
6043
6474
6098
6127
6044
6054
6133
6174
6307
5996
7505
7099
6433
6049
6368
6132
6445
6122
6307
6226
6214
6113
5746
6187
5970
7167
6143
6494
6003
6542
6066
6628
6170
6742
7170
8003
6317
6609
6140
6776
5841
5881
6148
6069
6283
6068
6418
6133
6269
6040
6150
6220
6041
6133
6526
6037
6528
6078
6362
6013
6426
6132
7076
6170
6372
6250
6225
6066
6397
6103
6117
6605
6094
6352
6211
6179
8248
7103
4253
3835
4405
4141
3330
6402
5885
6200
5879
6540
6095
5973
6279
6180
6281
6139
6756
6094
6130
6168
6469
6050
6562
6030
6440
6108
6563
6128
6232
6259
6319
6083
6567
6272
6734
6178
6334
6111
6480
6107
6188
5981
6481
5955
6217
6178
5871
6622
6096
6337
6180
6388
6142
6226
6106
6715
6045
8354
6215
6641
6126
6143
6153
6473
