26203
28695
36956
45064
25109
25175
25073
25148
24994
25142
25102
25185
25051
25122
25071
25074
24980
25104
27932
25165
24987
39129
25888
25844
25742
25873
25712
25827
25694
25796
25756
36908
29405
30471
38597
25833
28637
26517
25722
25790
25681
25785
25690
28089
32661
28170
29603
26137
25652
25723
25633
25745
25673
25728
25670
25755
25650
25742
25627
25792
25624
25707
25701
25726
25617
25722
25638
25727
25681
25706
25628
25698
25566
25706
25617
25713
25588
25702
25556
25645
25595
25630
25575
25640
25573
25621
25593
25602
25550
25680
25542
25624
25573
25674
25568
25634
25541
25598
25525
25668
25521
25607
25569
25659
25487
25613
25556
25671
25556
25551
25527
25605
25495
25577
25519
25602
25479
25597
25516
25525
25481
25574
25489
25537
25479
25639
25468
25538
25451
25551
25456
25560
25479
25568
25504
25512
25442
25495
25443
30262
25462
25534
25474
25497
25424
25482
25399
25504
25413
25479
25467
25437
25397
25480
25410
25508
25404
25472
25378
25457
25353
25496
25417
25558
25373
25460
25359
25452
25400
25488
25352
25443
25282
25396
25383
25413
25344
25457
25297
25443
25346
25399
25384
25413
25304
25373
25332
25419
25298
25397
25305
25355
25284
25369
25334
25379
25288
25392
25310
25374
25294
25370
25284
25335
25275
25333
25263
25277
25299
25357
25226
25279
25260
25307
25217
25277
25255
25357
25257
25355
25237
25253
25244
25307
25251
25271
25207
25288
25245
25265
25249
25306
25231
25244
25200
25288
25177
25280
25159
25238
25135
25262
25139
25255
25167
25254
25200
25196
25177
25224
25181
25252
25120
25228
25135
25178
25109
25179
25174
25208
25085
25246
25140
25186
27057
33831
24430
24468
24378
24449
24397
24482
24372
24441
24344
24447
24326
24456
24424
24461
24372
24465
24276
24440
24309
24403
24349
24364
24334
24399
24310
24377
24289
24385
24345
24353
24361
24411
24334
24380
24281
24346
24326
24338
24314
36824
25077
25082
24998
34194
24340
24327
24272
24366
24284
24385
24228
24359
24277
24328
24244
24345
24259
24337
24248
24369
24230
24299
24218
24309
24227
24303
24218
24349
24233
24250
24230
24304
24193
24274
24220
24307
24262
24268
24214
24297
24236
24317
24205
24268
24214
24263
24192
24278
24162
24213
24207
24220
24188
24284
24184
24249
24115
24285
24120
24272
24161
24219
24133
24206
24140
24190
24166
24200
24150
24187
24133
24224
24099
24154
24115
24192
24109
24167
24084
24143
24094
24132
24143
24142
28123
24172
24099
35779
24790
24842
24788
24872
24816
24855
24751
24879
24779
24821
24828
24846
24763
33415
24074
24123
24038
24138
24027
24129
24050
24087
24015
24054
23981
24086
24006
24082
23987
24027
23972
24084
23974
24075
23981
24092
23949
24063
23973
24049
23991
24093
23986
24032
23930
24038
23925
24049
23929
24039
23938
24050
23922
23998
23925
23994
23977
24032
23909
24040
23948
24044
23917
23969
23955
23988
23881
23992
23963
24036
23872
23959
23910
23971
23849
23942
23904
23955
23901
23935
23872
23951
23854
23938
23903
23962
23853
23947
23889
24005
23843
23960
23845
23954
23821
23949
23864
23934
23814
23933
23864
23913
23847
23898
23809
23905
23799
23907
23856
23882
23818
23885
23810
23893
23789
23882
23813
23873
23769
23847
23797
23848
23770
23803
23771
23833
23768
23835
23719
23866
35943
33567
23762
23776
23716
23852
23750
23859
23713
23849
23738
23798
23743
23746
23729
23816
23722
23859
23706
23785
23712
23721
23640
23747
23712
23779
23704
23764
23701
23718
23664
23733
23663
23788
23642
23737
23649
23713
23653
23712
23593
23733
23639
23683
23641
23709
23649
23708
23636
23718
23640
23748
23552
23700
23661
23712
23622
23702
23635
23704
23634
23713
23560
23634
23608
23674
23598
23687
23548
23669
23537
23666
23539
23656
23539
23633
23516
23617
23570
23605
23573
23649
23570
23683
23557
23605
23555
23566
23534
23613
23537
23619
23499
23633
23501
23573
23454
23578
23491
23555
23487
23588
23470
23592
23486
23557
23470
23601
23488
23523
23468
23557
23467
23553
23494
23595
23394
23521
23466
23513
23468
23459
23468
23519
23454
23487
23459
23391
33937
24183
24136
24172
24162
26027
24154
24087
24126
24042
24331
24201
33372
23406
23383
23346
23367
23380
23355
23355
23384
23405
23335
23336
23346
23350
23429
23320
23387
23356
23376
23389
23401
23327
23411
23343
23371
23310
23357
23339
23306
23297
23370
23353
23292
23319
23314
23285
23252
23296
23330
33359
24026
24047
24031
24064
23940
24089
23944
23986
23958
24108
24050
24021
23972
24042
24109
23941
24010
24037
24008
23944
23958
23952
24084
24068
24106
23990
23962
23948
24004
23889
23875
23893
23919
23956
24066
24022
24017
23976
24139
24113
24146
24374
36092
36283
26876
27994
27872
27424
27706
26594
26401
26667
28549
28802
29553
26581
23865
23869
23830
23910
23821
23837
23890
24835
25993
27719
30694
24404
24549
25629
23869
26986
23890
24630
27771
28171
28403
28616
23915
30326
23797
28834
30351
24266
24529
30081
25952
23813
23738
23728
24637
29837
23862
23712
23789
23690
23787
23714
23889
23814
23750
23757
23873
23729
23732
23726
23754
23746
23727
23687
23848
23750
23739
23722
23774
23672
24014
23731
23963
23841
23963
24050
23814
23767
23776
23600
23835
23710
23891
23596
23725
23582
23902
23763
23704
23658
23696
23665
23644
23612
23590
23781
23683
23680
23763
23742
23598
23608
23592
23577
23587
23517
23575
23582
23607
23582
23673
23566
23598
23617
23592
23575
23620
23681
23563
23478
23632
23491
23567
23521
23596
23472
23527
23486
23564
23489
23539
23490
23486
23504
23527
23490
23495
23483
23519
23471
23500
23453
23507
23426
23451
23463
23528
23491
23525
23538
23469
23428
23529
23420
23456
23433
23473
23456
23492
23416
23461
23417
23499
23457
23532
23693
23454
23449
23470
23375
23413
23424
23845
23954
23817
23567
23605
23498
23494
23917
23500
23605
23563
23410
23626
23552
23645
23354
23433
23382
23342
23388
23399
23434
23363
23316
23396
23329
23371
23286
23372
23301
23330
23434
23326
23301
23290
23308
23374
23332
23342
23269
23331
23271
23292
23291
23349
23264
23292
23331
23310
23264
23365
23285
23311
23262
23299
23329
23267
23234
23267
23206
23370
23604
23676
24076
23898
23320
23541
23686
23577
23218
23255
23309
23310
23256
23274
23287
23261
23274
23242
23213
23275
23276
23305
23247
23255
23165
23182
23201
23204
23137
23218
23167
23225
23382
23889
23641
23181
23174
23210
23194
23504
23355
23321
23325
23226
23312
23466
23626
23166
25653
27146
28168
27779
23249
23193
26389
25650
23163
23147
23119
23116
23110
24455
32965
29317
35540
29066
28479
23194
24571
28073
28326
23236
23087
23092
23035
23024
22991
23166
23037
23072
23105
23066
22996
23859
27744
27970
24876
25288
25115
23099
22992
23085
23037
23028
22989
23071
23030
25065
27072
26135
26037
27718
27972
27559
29761
29927
29679
27423
28230
28285
27927
28332
28097
28271
28257
28303
28281
28375
28322
28402
28433
28342
28601
28404
28569
28375
28236
28556
28574
28287
28521
28581
28579
28407
28360
28357
28749
28264
28552
28448
28900
28565
28209
28657
28477
28337
28460
28558
28173
28343
28229
28588
28792
28596
28430
28460
28260
28466
30589
32287
28906
28322
26329
30808
30021
30022
30853
30969
29226
27845
29240
26597
27693
27953
29478
25593
55688
24644
22789
22797
22805
22812
22837
22781
22687
22744
22736
22781
22762
22827
22736
22800
22739
22886
23638
25569
25855
27529
24403
22958
22729
22741
22701
22762
23281
22949
22742
22778
22726
22734
22739
22708
22686
22718
22696
22703
22705
22680
22732
22703
22747
22711
22689
22799
22644
22723
22661
22652
22657
22661
22697
22688
22671
22671
22650
23734
22641
22667
22598
22769
22585
22640
22676
22598
22619
22679
22619
22639
22605
22588
22736
22747
22610
22607
22623
22619
22599
22561
22644
22649
23527
24853
22776
22648
22973
25194
27574
24738
22572
22631
22575
22588
22501
22509
22550
22540
22488
22578
22525
22564
24402
22571
22527
22553
22555
22563
22568
22549
22507
22523
22552
22539
22506
22539
22525
22529
22450
22443
22523
22479
22500
22525
22464
22490
22483
22500
22478
22476
22486
22505
22437
22486
44063
33568
21809
21777
21802
21800
21815
21842
21874
21789
21760
21781
21812
21780
21827
21773
21777
21784
21723
21806
21759
21817
21727
21791
21767
21755
21805
21746
21704
21810
21725
21788
21735
21745
21713
21726
21701
21723
21686
21745
21718
21705
21752
21729
21684
21761
21713
21757
21708
21860
21691
22230
22524
22120
22204
21980
22001
22125
22135
22815
21706
21922
21974
22562
21917
22175
21921
22025
22069
21784
22085
22219
21634
21760
21671
22134
21776
21852
21614
21809
22014
21700
21927
21937
21864
21917
21808
22217
22044
22968
22689
21738
21797
21719
21739
21675
21811
21614
21563
21551
21894
21869
21767
21664
21660
21944
22024
21642
21691
21598
21557
21566
21798
21582
21645
21675
21550
21748
21577
42042
21579
21889
21780
21707
21610
21538
21568
21648
22666
21612
21561
21649
21523
21552
22645
88464
38616
35008
22150
22110
22135
23168
63768
24652
22764
22080
22066
22118
22058
22125
22106
22094
22070
22034
22133
22207
22044
22023
22058
22052
22045
22043
22000
22074
22120
22041
22007
22051
22013
22014
22030
22060
22067
22093
22091
22142
21974
22027
22165
22057
22041
22006
22108
22022
22171
22211
21952
22028
21989
21977
22087
22106
22430
25574
57988
31392
43151
36923
28901
28022
26438
24488
58430
53089
43807
57457
27869
29148
25465
28692
32559
27421
22240
37231
55541
40755
51616
54111
26355
28974
28827
25546
21857
22167
22494
21988
21903
21930
22250
21918
21817
22248
23395
32794
46149
51771
34225
52089
31396
31430
25689
57787
28203
24335
23659
24115
24300
24744
25400
26610
26079
24074
25504
22616
26372
26615
21936
21849
21815
21812
21792
21749
26029
25965
27600
25143
21964
26568
25423
21894
21758
21788
21780
21802
21723
21748
21686
21866
21713
21878
21745
24418
26233
23746
24232
24162
22791
21737
21715
21770
21722
21717
21682
21719
21684
21782
21779
21709
21795
21736
21786
21718
21660
21766
21694
21706
21622
21779
21863
21752
21713
21698
21667
21624
21671
21643
21768
21619
21617
21650
21663
21648
21655
21585
21756
21683
21557
21749
21609
21678
21700
21607
21591
21715
21738
21611
21573
21565
21555
21633
21575
21618
21824
21744
21518
21594
21665
21561
21588
21685
21726
21865
21635
21694
21655
21678
21890
21884
21754
21743
21510
21641
21663
21794
21995
21541
21622
21578
21529
21724
21493
21802
21612
21739
21682
21591
21674
21836
30533
21667
21676
21567
21487
21559
21504
21551
21825
21617
21805
21502
21674
21647
21574
23018
21723
22298
21750
21968
21398
21507
21504
21409
22112
21483
21366
21493
21402
21837
21460
21831
21442
21358
22315
22411
21343
21862
21662
21740
21431
21375
21619
21358
21682
21414
21337
21468
21381
21363
21376
21428
21759
21384
21355
21376
21310
21379
21323
21408
21305
21320
21288
21287
21291
21333
21303
21291
21341
21358
21297
21342
21284
21319
21313
21300
21287
21321
21306
21244
21691
21284
21387
21288
21248
21484
21260
21266
21271
21249
21235
21223
21216
21221
21217
21273
21286
21264
21202
21226
21186
21261
21268
21206
21237
21252
21283
21241
21208
21266
21172
21227
21184
21183
21173
21224
21153
21195
21139
21170
21128
21188
21165
21194
21131
21165
21166
21118
21141
21190
21133
21147
21107
21228
21146
21159
21162
21133
21120
21161
21116
21222
21106
21096
24522
21120
21089
21110
21106
21164
21069
21130
21054
21102
21071
21052
21067
21096
21032
21083
21020
21084
21085
21093
21030
21040
21014
21058
21045
21033
21050
21057
21025
21057
21040
21081
21001
21087
21013
21067
20983
21110
20961
21029
21000
21031
20992
21027
20955
21030
20995
21001
21003
21015
21011
21024
21011
21018
20989
20965
20936
21006
20952
21009
20912
20939
20966
20913
20923
20934
20920
21009
21007
21116
20933
20952
20911
20913
20920
20967
20885
20917
20911
20891
20902
20944
20895
20894
20927
20903
20851
20911
20896
20878
20856
20884
20900
20941
20836
20917
20849
20885
20812
20804
20865
20842
20852
20886
20819
20902
20842
20855
20812
20846
20841
20829
20811
20831
20829
20824
20776
20797
20809
20826
20804
20850
20810
20825
20771
20801
20786
20779
20828
20782
21810
23407
20894
20907
20708
20768
20779
20761
20783
20795
20759
20803
20709
20710
20770
20757
20676
20766
20690
20736
23860
30204
20085
20160
20107
20141
20134
20144
20126
20106
20124
20087
20094
20098
20070
20153
20070
20100
20076
20150
20026
20115
20044
20088
20064
20105
20056
20023
30093
20859
32734
23387
21769
20085
20025
20051
20014
20070
20091
20134
20050
20031
20053
20097
19983
20075
20017
20078
19944
20052
20015
20088
19982
20019
19984
20047
19967
29491
20697
20668
20664
20720
20561
20624
20563
20617
20622
20588
20650
20658
20563
20634
20812
20618
20575
20736
20660
20642
20646
20555
20501
20545
20466
20646
20595
20634
20488
20614
20863
20613
20618
20623
29984
19955
19892
19887
19885
19920
19894
19878
19901
20747
21760
31809
20469
21314
32957
22539
21675
19934
19847
19948
19843
19879
19863
19843
19808
19795
19846
19828
19806
19847
19812
19884
19813
19875
19803
19858
19783
19813
19770
19814
19783
19811
19770
19836
19782
19813
19777
19829
19740
19800
19781
19847
19760
19825
19750
19839
19725
19821
19776
36036
29607
19736
19735
19752
19755
19779
19723
19761
19710
19769
19720
19748
19688
19732
19711
19738
19694
19735
19750
19738
19722
19698
19691
19779
19642
19715
19697
19729
19676
19745
19690
19685
19680
19676
19656
19651
19671
19726
19661
19707
19659
19665
19592
19690
19644
19645
19634
19672
19665
19664
19644
19673
19584
19640
19625
19673
19616
19654
19607
19661
19617
19659
19590
19658
19623
19629
19574
19647
19543
19608
19606
19569
19510
19624
19546
19624
19574
19581
19556
19589
19543
19623
19569
19547
19539
19592
19487
19571
19463
19562
19560
19582
19500
19534
19537
19538
19470
19535
19517
19472
19487
19512
19460
19537
19503
19519
19496
19556
22353
30909
34849
20197
20064
20053
21269
35435
22807
19988
19511
19476
19417
19505
19457
19443
19401
19444
19449
19454
19453
19474
19452
19480
19396
19443
19466
19434
19411
19444
19405
19420
19370
19429
19419
19485
19368
19420
19391
19383
19382
19381
19338
19404
19369
19389
19425
33058
29092
19380
19365
19405
19364
19399
19333
19362
19328
19365
19297
19370
19352
19363
19344
19385
19340
19337
19336
19369
19317
19361
21304
28343
33951
24710
37718
33985
34094
19425
19266
19325
19269
19271
19265
19313
19257
19280
19263
19293
19247
19225
19274
19285
19258
19280
19243
19283
19273
19223
19216
19268
19238
19251
19240
19256
19235
19220
19210
19264
19211
19202
19233
19257
19158
19226
19119
19260
19239
19220
19207
19179
19237
19206
19183
19223
19158
19194
19135
19238
19146
19193
19208
19149
19179
19161
19156
19149
19155
19151
19133
19205
19099
19154
19178
19128
19110
19116
19112
19210
19113
19155
19099
19148
19122
19120
19105
19112
19079
19098
19020
19117
20475
28588
34261
24916
20184
19683
19633
19629
19613
21329
31034
21223
31338
19665
19636
19641
19561
19584
19597
22850
22356
19745
19593
19561
19591
22351
23248
19664
19598
19586
21483
22734
19581
19625
28051
25662
20299
19555
24506
19567
19576
23008
23806
22213
22467
19874
19552
19569
19518
19520
19532
24846
19524
19546
19504
19495
19523
19444
19471
19527
19441
19471
19481
19480
19470
19492
19447
19508
19971
19494
19427
19503
19467
19442
19444
19513
19412
19459
19427
19427
19425
19439
19427
19427
19470
19447
19439
19426
19457
19418
19382
19491
19401
19452
19430
19456
19409
19432
19389
19419
19422
19441
19392
19397
19409
19403
19381
19415
19362
19396
19371
19416
19374
19381
19334
19388
19356
19381
19347
19347
19323
19345
19334
19359
19277
19342
19356
19328
19334
19368
19279
19303
19313
19350
19316
23702
19296
19342
19362
19326
19250
19311
19306
19293
19343
19278
19268
19324
19269
19287
19270
19303
19244
19261
19312
19280
19242
19253
19292
19238
19227
19263
19236
19300
19232
19250
19282
19265
19205
19248
19259
19255
19216
21096
21471
20117
19993
20182
21300
21468
20620
20620
22658
20960
21751
21622
21281
20705
23217
20284
20485
20186
20282
21391
41254
31324
23272
21664
22061
22775
22092
20826
21964
21378
20774
20335
22571
20653
21959
21094
22040
30278
20514
19118
21067
31831
22520
20793
21604
23632
21547
22206
22874
21890
21026
21254
20262
23655
23331
20611
21552
31208
20983
20125
21978
22090
22341
19851
20146
21419
22604
21902
23050
30266
31271
20497
20721
21132
31178
33242
25455
28240
25370
25406
24387
21448
23908
25060
25636
25417
25677
25700
25605
25687
25130
25391
23208
21287
21956
20605
20839
20708
21381
20878
22146
22492
24689
22933
22457
23449
21544
22409
23671
21546
22722
21680
32021
22286
23081
20995
21642
22047
22506
23955
25355
25256
25489
25369
24714
25115
21425
20152
22340
21376
18973
18934
18872
18889
18843
18896
18790
18928
18861
18838
18845
18881
18863
18851
18834
18846
18825
18862
18823
18878
18801
18854
18771
18861
51177
32928
22739
21559
19771
20591
19984
21771
24421
24644
21443
25119
24366
20627
20421
18392
18282
18264
18257
18244
18154
18217
18253
18188
18231
18215
18154
18218
18181
18356
18314
18238
18176
18209
18192
18207
18145
18234
18281
18159
18198
18151
18135
18238
18198
18203
18107
18191
18171
18147
18158
18162
18118
18227
18180
18129
18219
18154
18122
18171
18141
18156
18139
18158
18116
18192
30643
18875
18946
18680
18607
18703
18623
18658
18630
18687
18688
18668
18652
18628
18681
18716
18592
18609
18632
18639
18807
18622
18560
18610
18667
18613
18551
18610
18580
18677
18603
18600
18577
18621
18596
18543
18635
18590
18589
18545
18603
18562
18548
18557
18568
18734
18593
18760
18569
18548
18640
18530
18529
18596
18538
18794
18604
18773
18692
18805
18763
18874
18890
18547
18583
18499
18530
18537
18455
18469
18517
18477
18433
18501
18371
18474
18411
18410
18452
18468
18446
18459
18446
18458
18404
18421
18448
18450
18410
18417
18424
18469
18441
18501
18400
42771
18582
31540
18397
17876
17857
17836
17820
17839
17846
17909
17883
17869
17810
17878
31249
18418
18370
19413
18345
18378
18524
18409
18360
18382
19131
18421
18354
18284
18356
18346
18497
18338
18452
18377
18402
18343
18297
18301
18387
18420
18279
18441
18287
18970
21401
21034
21769
21796
20448
23090
19135
21620
21557
20080
18234
18297
18395
18417
18256
18237
18199
18227
18204
18271
18222
18306
18282
18253
18229
18253
18186
18210
18194
18290
18180
18336
18229
18227
18189
18218
18174
28978
17692
17677
17579
17672
17632
17646
17654
17697
18041
20026
19649
19192
18149
19109
21529
20485
19324
18163
18148
18243
18115
18114
18126
18177
18120
18130
18113
18136
18100
18135
18102
18136
18103
18135
18028
18145
18117
18090
18051
18150
18083
18071
18062
18086
18097
18077
18079
18074
18071
18073
17980
18069
18043
18095
18011
18135
18051
18046
17987
18051
18064
18056
18059
18085
18027
18032
18019
18021
18001
18017
17989
18033
18003
18051
17973
18032
18020
17991
18002
18023
24721
27427
17468
17527
17469
17476
17443
17545
17406
17437
17426
17474
17394
17442
17446
17480
17420
17405
17377
17456
17438
17454
17389
17429
17386
17413
17415
17399
17398
17434
17335
17386
17375
17451
17378
17379
17374
17366
17412
17411
17370
17351
17362
17405
17362
17356
17315
17368
17362
17377
17344
17367
17294
17310
17301
17380
17315
17361
17318
17364
17318
17345
17294
17320
17311
17325
17299
17337
17265
17305
17276
17314
17252
17282
17264
17246
17229
17313
17250
17269
17255
17268
17213
17261
17238
17284
17205
17308
17206
17225
17265
17245
17203
17248
17215
17287
17199
17226
17242
17246
17210
17282
17183
17222
17200
17187
17164
17181
17247
17227
17237
17198
17139
17214
17187
17172
17131
17190
17151
17194
17141
17203
17145
17148
17106
17152
17116
17162
17104
17145
17102
17159
17138
17164
17146
17188
17101
17143
17115
17152
17117
17159
17085
17148
17082
17119
17069
17107
17067
17091
17042
17116
17087
17097
17073
17123
17015
17093
17048
17082
17042
17064
17031
17095
17053
17040
17064
17077
17067
17068
17074
17110
17067
17044
17045
17043
16978
17032
17026
17039
28690
27232
16982
17067
17011
17044
18726
27422
31727
18172
17471
17534
17408
20482
31943
19212
16998
16981
16976
17029
16963
16991
16954
16977
16955
17026
16895
17011
16926
16967
16912
16941
16895
16945
16860
16963
16920
16958
16894
16951
16895
16879
16886
16893
16853
16915
16884
16943
16859
16921
16872
16929
16889
16895
16868
16903
16851
16896
16860
16897
16843
16872
16878
16893
16849
16862
16828
16881
16820
16877
16837
16861
16836
16862
16812
16837
16813
16804
16808
16898
16814
16825
16777
16845
16769
16832
16791
16937
22323
23770
31000
33723
22602
31516
28809
16878
16743
16755
16720
16824
16766
16762
16791
16758
16756
16798
16751
16799
16759
16764
16744
16789
16709
16746
16719
16774
16698
16762
16709
16691
16712
16726
16678
16743
16722
17406
25347
31126
22107
18111
17211
17272
17172
17133
17191
17813
19088
19810
19928
18932
17226
17169
17151
17183
17116
17161
18320
21326
17227
17173
17086
17144
17130
19607
20654
17366
17094
17136
17121
20662
18257
17183
17063
17135
20229
23913
20824
17171
17080
22969
17115
19186
21322
18592
19159
19517
17080
17080
17023
17118
17054
17118
16990
17032
17023
17055
17043
17086
17020
17015
16976
17024
17036
16984
16979
17054
17014
17056
17014
17053
16983
17020
16988
18057
16976
17020
17002
16994
16993
16994
16949
16985
16992
16960
16882
17026
16946
16979
16926
17020
16954
16939
16901
16967
16900
16934
16958
16942
16929
16940
16873
16935
16914
16935
16890
16992
16921
16951
16871
16934
16869
16943
16857
21925
16904
16911
16861
16902
16937
16866
16882
16905
16886
16863
16860
16867
16869
16864
16825
16888
16853
16827
16826
16857
16820
16848
16830
16847
16834
16841
16801
16797
16801
16848
16816
16841
16822
16792
16818
16808
16778
16819
16780
16813
16779
16790
16748
16819
16745
16771
16779
16815
16815
16780
16728
16786
16773
16765
16758
16773
16708
16786
16743
16739
16732
16762
16714
16742
16728
16716
16695
16739
16714
16739
16704
16707
16717
16760
16677
16751
16705
16731
16741
16764
16687
16670
16687
16667
16721
16692
16673
16689
16688
16668
16613
16685
16628
16655
16629
16712
16654
16667
16613
16652
16578
16621
16649
16639
16597
16591
16625
21237
16599
16647
16561
16639
16543
16621
16579
16601
16613
16617
16518
16616
16562
16588
16550
16601
16547
16605
16513
16566
16565
16597
16562
16558
16556
16574
16498
16560
16520
16561
16554
16545
16484
16522
16501
16543
16496
16510
16442
16542
16510
16475
16471
16534
16502
16520
16466
16486
16467
16494
16452
16499
16476
16467
16477
16469
16481
16460
16492
16477
16442
16486
16441
16465
16380
16475
16428
16444
16398
16422
16398
16436
16418
16445
16402
16465
16424
16436
16381
16427
16430
16456
16399
16448
16338
16429
16355
16415
16393
16441
16387
16425
16359
16402
16351
16396
16382
16385
16330
16434
16344
16359
16327
16399
16381
16351
16303
16342
16272
16381
16323
16360
16326
16342
16319
16362
16263
16331
16315
16315
16286
16338
16266
16321
16260
16305
16271
16301
16289
16321
16226
16320
16262
16274
16262
16278
16251
16255
16258
16303
16277
16274
16238
16234
16264
16253
16175
16304
16182
16273
16215
16251
16195
16242
16175
16242
16227
16231
16195
16227
16190
16239
16156
16206
16162
16193
16156
16173
16122
16167
16135
16242
16164
16183
16126
16192
16125
16168
16117
16139
16148
16096
16125
16191
16101
16158
16123
27452
25210
15649
15652
15672
15603
15665
15653
15635
15599
15665
15638
15647
15595
15666
15611
15671
15615
15630
15611
15670
15564
15639
15547
15596
15582
17412
27734
16068
18437
19348
16024
15668
15567
15611
15586
15618
15546
15562
15566
15580
15613
15597
15546
15592
15581
15541
15499
15591
15530
15596
15512
15551
15480
15554
15483
15551
15513
15557
15482
15547
15518
15518
15469
15531
15544
15506
15494
15536
15493
15507
15510
15523
15483
15516
15505
15485
15478
15498
15429
15539
15433
15504
15422
15501
15429
15447
15423
15516
15415
15470
15407
15450
15418
15484
15392
15477
15369
15443
15405
15442
15397
15460
15384
15547
15445
15412
15365
15450
15339
15409
15365
15401
15358
15405
15326
15393
15303
15348
15381
15362
15307
15373
15317
15365
15300
15344
15287
15434
15331
15309
15331
15321
15273
15350
15319
15354
15295
15352
15320
15358
15315
15340
15244
15340
15282
15345
15300
15314
15258
15322
15234
15283
15267
15272
15216
15317
15310
15287
15258
15280
15254
15275
15264
15302
15215
15265
15227
15266
15214
15265
15260
15303
15209
15277
15211
15263
15212
15227
15232
15234
15218
15187
15228
15267
15207
15224
15189
15281
15200
15214
15131
15203
15179
15206
15127
15186
27557
25491
15156
15246
15195
15155
15190
15165
15126
15154
15092
15162
15103
15154
15083
15143
15104
15139
15131
15116
15108
15121
15068
15078
15083
15171
15084
15110
15086
15131
15065
15164
15083
15060
15049
15133
15075
15098
15068
15114
15021
15076
15023
15070
15070
15103
15009
15057
15047
15080
15050
15087
15017
15084
15039
15009
15014
15093
15031
15033
14994
15051
15003
15037
14969
15017
15003
15031
14991
15017
24950
15454
16477
27221
17477
26346
15041
15032
14965
15012
14959
15017
14987
15041
14929
14958
14942
14961
14930
14994
14897
14945
14907
14955
14932
14948
14936
14987
14850
14962
14912
14984
14864
14948
14875
14967
14902
14931
14877
14947
14919
14924
14915
14947
14903
14930
14894
14900
14876
14938
14904
14904
14854
14886
14867
14886
14867
14921
14852
14916
14850
14868
14832
14846
14857
14859
14819
14889
14789
14902
14816
14854
14833
14844
14788
14843
14801
14867
14777
14864
14758
14815
14791
14833
14733
14833
14784
14783
14776
14835
14759
14802
14755
14835
14781
14791
14706
14770
14687
14789
14722
14748
14717
14774
14685
14768
14749
14748
14715
14773
14709
14736
14723
14776
14721
14727
14670
14736
14688
14716
14698
14725
14669
14734
14729
14686
14689
14685
14695
14686
14644
17786
15142
24045
14681
14696
14666
14691
14668
14694
14580
14704
14630
14663
14625
14684
14635
14656
14570
14684
14601
14684
14605
14661
14601
14627
14596
14682
14586
14630
14572
14611
14577
14594
14556
14647
14603
14602
14567
14638
14533
14642
14545
14596
14581
14634
14561
14565
14575
14595
14534
14621
14514
14583
14553
14549
14562
14540
14515
14532
14516
14536
14527
14544
14517
14564
14506
14543
14498
14546
14485
14528
14470
14536
14440
14523
14496
14483
14459
14497
14442
14474
14473
14520
14478
14486
14453
14519
14427
14547
14448
14477
14422
14462
14451
14434
14397
14530
14377
14500
14369
14441
14414
14419
14406
14433
14384
14435
14383
14461
14348
14480
14367
14410
14384
14425
14352
14375
14368
14430
14344
14439
14402
14408
14353
14391
14374
14372
14340
14370
14356
14423
14328
14395
14347
14338
14313
14336
14284
14379
14302
14317
14325
14340
14320
14340
14267
14359
14277
14364
14288
14390
14281
14341
14273
14352
14224
14295
14261
14300
14217
14310
14212
14323
14264
14305
14253
14269
14213
14303
14218
14297
14222
14277
14207
14257
14205
14294
14229
14256
14200
14246
14189
14220
14207
14237
14151
14268
14184
14256
14160
14280
14181
14221
14132
14181
14194
14202
14175
14253
14201
14176
14158
14211
14150
14162
14140
14170
14148
14181
14118
14173
14149
37640
14588
14554
14520
14565
14533
14622
14571
14578
14535
14591
14540
14570
14525
14564
14485
14572
14496
14556
14511
14517
14489
14553
14475
14496
14439
14495
14473
14509
14443
14473
14438
14480
14431
14510
14476
14478
14425
14522
14415
14475
14436
14460
14456
14484
14445
14501
14462
14490
14425
14499
14412
14468
14407
14506
14382
14440
14401
14427
14426
14455
14386
14416
14407
14411
14378
14425
14369
14427
14370
14432
14390
14387
14372
14419
14344
14441
14332
14398
14327
14395
14322
14376
14349
14349
14344
14373
14318
14351
14342
14354
14307
14333
14281
14348
14335
14329
14288
14343
14275
14331
14247
14357
14281
14302
14268
14312
14292
14266
14263
14296
14263
14294
14522
30566
17903
17595
14267
17237
14224
14956
28063
17560
16051
13934
13861
13893
13820
13835
13809
13797
13772
13819
13811
13834
13813
13856
13772
13843
13791
13835
13791
13852
13781
13828
13809
13829
13774
13831
13741
13806
13755
13795
13702
13786
13728
13808
13750
13747
13729
13765
13733
13788
13738
13764
13734
13786
13693
13765
13719
13756
13697
13762
13690
13735
13688
13725
13662
13751
13673
13762
13699
13764
13700
13718
13691
14687
25476
15601
25112
13798
13684
13678
13662
13652
13654
13649
13628
13687
13610
13693
13607
13663
13583
13665
13620
13700
13606
13664
33103
34812
14028
14063
14007
14071
13970
14013
14060
14100
14020
14016
14045
14017
25242
13610
13589
13609
13557
13611
13510
13601
13567
13561
13531
13584
13551
13606
13527
13575
13519
13555
13546
13538
13523
13555
13498
13574
13500
13552
13493
13515
13496
13553
13507
13565
13523
13487
13467
13517
13484
13519
13491
13465
13498
13512
13478
13503
13456
13456
13456
13462
13450
13485
13449
13478
13448
13494
13436
13487
13446
13459
13445
13464
13447
13468
13440
13429
13439
13459
13366
13418
13380
13417
23370
13983
13819
13812
13787
13802
13779
13803
13774
13771
13756
13799
13776
13802
13742
13852
13729
13792
13699
13762
13762
13878
13753
13772
13869
13789
13755
13770
13717
13777
13675
13744
13697
13783
13697
13716
13672
13731
13659
13715
13724
13755
13700
13712
13687
13754
13696
13723
13653
13846
13652
13673
13682
13680
13658
13977
13732
13947
13665
13676
13608
13772
13634
13656
13632
13692
13654
14335
13618
13783
13739
13783
13782
13692
13778
14067
13686
13604
14079
13637
13572
13618
13576
13617
13767
13627
13631
13591
13578
13637
13543
13584
13540
13598
13532
13569
13570
13639
13595
13551
13531
13585
13520
13580
13575
13615
13589
13558
13528
13558
13518
13582
13494
13547
13487
13528
13504
13558
13638
13546
13480
13539
13443
13479
13547
13512
13489
13576
13431
13540
13461
13524
32766
15331
26091
13140
13060
13186
13047
13082
13078
13123
13049
13087
13024
13129
13043
13106
13056
13086
13055
13051
13050
13017
13058
13030
13018
13047
13017
13254
13045
13024
13050
13044
12965
13047
13002
13011
12976
13370
13032
13004
12985
13006
12957
13001
12987
13014
12959
12964
12911
13013
12931
12961
12907
13017
13046
12949
12952
12975
12940
13017
12958
12983
12943
12932
12906
12965
14832
25240
24418
12983
12911
12952
12894
12979
12858
12912
12920
12905
12897
12919
12847
12946
12871
12917
12860
12922
12891
12888
12862
12893
12878
12855
12863
12966
12863
12882
12831
12892
12811
12849
12792
12868
12826
12866
12834
12872
12829
12815
12786
12851
12776
12828
12791
12843
12837
12831
12798
12803
12765
12808
12751
12803
12779
12814
12775
12824
12767
12789
12726
12821
12756
12796
12744
12813
12750
12766
12775
12781
12751
12744
12752
12779
12709
12742
12701
12735
12674
12746
12678
12747
12720
12734
12716
12711
12691
12697
12709
12722
12700
12728
12648
12681
12700
12736
12709
12710
12647
12714
12645
12662
12679
12696
12630
12695
12635
12706
12664
12709
12652
12673
12596
12679
12632
12607
12630
12654
12612
12615
12599
12606
12610
12634
12607
12642
12613
12613
12569
12632
12628
12601
12568
12599
12559
12590
12555
12617
12559
12569
12517
12569
12581
12621
12542
12548
12527
12570
12535
12548
12549
12558
12551
12536
12538
12555
12504
12540
12508
12570
12500
12549
12521
12541
12479
26434
12876
22114
12476
12561
12453
12500
12463
12545
12469
12472
12460
12479
12467
12511
12435
12455
12447
12464
12453
12511
12440
12446
12471
12453
12408
12439
12434
12460
12447
12473
12412
12443
12404
12454
12436
12473
12416
12443
12403
12425
12344
12399
12407
12420
12374
12401
12377
12436
12373
12402
12369
12391
12359
12392
12352
12360
12334
12374
12337
12370
12366
12399
12287
12381
12312
12356
12308
12368
12293
12369
12310
12373
12320
12341
12306
12382
12296
12298
12277
12314
12285
12323
12298
12371
12255
12318
12268
12285
12277
12296
12254
12313
12242
12309
12262
12286
12247
12285
12196
12298
12225
12266
12247
12248
12215
12254
12171
12281
12231
12275
12219
12254
12208
12230
12207
12246
12224
12227
12202
12231
12342
14035
15029
18470
15633
24802
14639
15307
23181
18960
16108
16236
24033
12927
12192
12206
12156
12207
12174
12201
12128
12181
12083
12164
12123
12155
12130
12174
12088
12147
12103
12157
12096
12125
12122
12144
12134
12127
12089
12158
12113
12148
12060
12149
12109
12092
12066
12133
12068
12093
12166
15186
18283
25288
16010
14557
12406
12464
12426
12456
12397
12428
12420
12467
12373
12447
13957
13951
13580
13799
14542
12432
12356
12382
12335
12489
12319
12362
12339
12415
13409
15337
13339
12417
12329
12356
12321
12357
12279
12830
15698
14049
12378
12383
12328
12380
12278
13347
15708
12481
12320
12337
12288
14661
17519
16339
13811
12347
12292
18078
13722
12322
12260
12268
12262
14273
15620
14079
14332
13913
14117
12367
12220
12306
12216
12269
12201
12269
12244
12242
12192
12271
12201
12228
12209
12205
12170
12232
12205
12275
12200
12231
12209
12229
12162
12209
12185
12246
12158
12220
12145
12221
12139
12204
12160
12207
12107
12171
12162
12152
12137
12142
12119
12161
12105
12142
12142
12135
12133
12145
12115
12192
12148
12157
12064
12137
12087
12142
12094
12166
12111
12138
12097
12081
12115
12106
12092
12126
12067
12111
12049
12071
12048
12109
11991
12112
12048
12096
12069
12083
12035
12107
12044
12075
12014
12072
12070
12074
12089
13594
14136
14516
13494
12079
12007
12049
11956
12025
11950
12091
11957
12025
11977
12019
11965
12016
11958
12056
12003
11996
11974
12011
11962
11971
11949
11989
11968
11971
11939
11974
11906
12002
11945
11968
11920
11978
11921
11989
11904
11955
11890
11934
11911
11946
11914
11952
11899
11955
11897
11948
11900
11932
11880
11927
11873
11894
11863
11903
11890
11894
11853
11895
11840
11877
11881
11911
11840
11811
11851
11880
11801
11886
11822
11829
11832
11884
11793
11900
11793
11844
11819
11833
11769
11822
11784
11837
11758
11802
11785
11853
11783
11796
11776
11779
11782
11832
11789
11833
11763
11804
11759
11793
11749
11780
11755
11847
11754
11761
11722
11763
11728
11776
11704
11768
11730
11757
11738
11729
11740
11739
11714
11788
11735
11769
11663
11760
11667
11715
11657
11734
11681
11713
11666
11706
11663
11707
11690
11701
11698
11683
11651
11717
11645
11679
11646
11694
11654
11623
16573
11683
11636
11665
11572
15837
11602
11661
11588
11620
11596
11638
11595
11656
11595
11641
11560
11588
11559
11627
11580
11581
11544
11618
11576
11599
11536
11627
11529
11615
11521
11616
11537
11589
11573
11560
11546
11590
11506
11557
11534
11569
11564
11565
11485
11588
11501
11576
11540
11561
11468
11581
11490
11525
11524
11526
11501
11516
11484
11535
11479
11520
11488
11497
11476
11490
11449
11542
11473
11524
11445
11507
11444
11509
11452
11464
11417
11478
11453
11477
11423
11456
11410
11474
11433
11483
11409
11469
11354
11452
11415
11416
11410
11446
11382
11433
11329
11435
11373
11450
11383
11415
11390
11413
11376
11392
11381
11421
11352
11425
11375
11382
11351
11399
11409
11366
11317
11391
11448
11406
11343
11336
11334
11336
11321
11398
11295
11343
11287
11343
11322
11344
11319
11339
11299
11312
11279
11327
11321
11309
11261
11308
11276
11310
11247
11277
11263
11312
11284
11309
11250
12727
12429
11345
11230
23425
13565
12098
10899
10925
10885
10903
10904
10916
10872
10963
10904
10894
10879
10895
10887
10868
10874
10921
10849
10905
10879
10866
10880
10871
10861
10879
10852
10866
10848
10836
10870
10865
10786
10885
10843
10872
10840
10833
10829
10830
10798
10841
10828
10847
10784
10820
10801
10795
10756
10851
10774
10822
10762
10768
10794
10803
10760
10842
10759
10797
10777
10749
10741
10779
10762
10786
10737
10788
10780
10751
10718
10720
10679
10773
10730
10740
10745
10758
10742
10759
10692
10728
10715
10715
10675
10753
10710
10685
10680
10751
10684
10709
10673
10700
10692
10704
10640
10729
10681
10696
10623
10665
10641
10678
10642
10664
10659
10684
10668
23117
10985
10987
10969
10957
10929
10978
10908
10947
10922
10949
10906
10961
11527
21731
12776
12974
12246
12183
11619
11560
11881
11574
11506
11666
11953
12433
14417
14072
14350
11980
14324
14839
14769
13437
11570
11724
11908
10634
10528
10587
10547
10604
10517
10582
10547
10582
10552
10544
10488
10546
10514
10547
10486
10538
10511
10527
10492
10550
10518
10512
10509
10495
10492
10509
10425
10478
10494
10521
10468
10512
10487
10485
10450
10480
10438
10507
10464
10480
10457
10496
10461
10498
10457
10491
10446
10472
10415
10483
10417
10427
10422
10455
10389
10448
10398
10461
10427
10439
10374
10417
10402
10409
10387
10426
10425
10383
10324
10406
10368
10384
10379
10367
10329
10375
10363
10422
10362
10355
10337
10385
10352
10389
10286
10407
10297
10353
10284
10367
10283
10372
10314
10375
10318
10321
10326
10338
10278
10330
10294
10401
10278
10341
10255
10334
10291
10303
10285
10341
10288
10313
10243
10276
10277
10266
10245
10297
10264
10289
10242
10266
10262
10274
10231
10278
10228
10279
10186
10226
10183
10271
10213
10293
10222
10263
10213
10237
10166
10236
10200
10258
10178
10237
10182
10191
10163
10235
10146
10221
10155
10210
10141
10166
10154
10210
10099
10216
10147
10181
10143
10189
10112
10178
10122
10189
10152
10203
10111
10155
10115
10171
10086
10154
10118
10156
10090
10128
10076
10136
10101
10141
10064
10087
10063
10131
10064
10090
10072
10147
10092
10105
10043
10077
10048
10080
10043
10126
10044
10065
10058
10096
10036
10112
10047
10104
10041
10067
10051
10058
10016
10038
10028
10047
10019
10047
10027
10004
9971
10008
9981
10046
9994
10020
9959
10001
9959
9989
9957
10023
9961
9999
9988
9998
9963
9992
9947
10028
9942
9966
9908
9954
24050
10300
19228
9995
9956
9955
9920
9937
9889
9965
9926
9947
9874
9953
9903
9944
9895
9956
9920
9929
9880
9908
9866
9892
9895
9892
9844
9901
9903
9897
9847
9903
9853
9897
9835
9916
9816
9872
9856
9839
9830
9868
9800
9880
9835
9861
9828
9859
9808
9861
9834
9881
9817
9838
9804
9855
9799
9857
9801
9856
9783
9796
9790
9817
9752
9792
9770
9849
9757
9817
9743
9804
9767
9790
9751
9795
9769
9787
9747
9779
9727
9781
9713
9770
9757
9789
9695
9782
9701
9746
9714
9738
9730
9727
9657
9741
9703
9710
9668
9754
9702
9735
9713
9716
9691
9702
9662
9704
9662
9707
9633
9689
9664
9693
9676
9739
9632
9676
9651
9671
9633
9682
9632
9678
9640
9657
9632
9670
9640
9661
9648
9638
9600
9641
9627
9635
9593
9617
9609
9643
9575
9618
9598
9620
9577
9608
9546
9637
9595
9588
9546
9586
9560
9587
9538
9644
9583
9596
9555
9551
9542
9570
9534
9590
9551
9568
9512
9555
9518
9580
9474
9571
9516
9509
9497
9544
9479
9499
9471
9518
9497
9529
9488
9545
9463
9496
9461
9520
9474
9507
9455
9486
9454
9494
9460
9512
9414
9484
9459
9501
9418
9469
9440
9464
9433
9470
9408
9463
9406
9419
9408
9443
9416
9484
9409
9448
9407
9441
9405
9457
9406
9409
9403
9457
9401
9436
9374
9441
9380
9370
9360
9389
9373
9421
9354
9394
9336
9379
9334
9391
9328
9318
9334
9372
9331
9361
9316
9380
9276
9372
9302
9350
9285
9351
9287
9348
9287
9341
9301
9379
9284
9314
9291
9344
9266
9320
9247
9339
9263
9318
9273
9284
9236
9278
9211
9270
9262
9268
9224
9235
9209
9251
9221
9279
9239
9277
9249
9273
9232
9249
9209
9265
9185
9248
9208
9251
9187
9217
9214
9241
9193
9218
9180
9236
9179
9235
19725
9516
18396
9192
9157
9194
9178
9173
9149
9201
9142
9200
9121
9166
9137
9154
9115
9199
9140
9166
9103
9171
9122
9140
9088
9130
9111
9129
9123
9153
9106
9113
9076
9116
9066
9118
9078
9127
9021
9100
9063
9116
9062
9120
9065
9077
9058
9096
9038
9113
9010
9079
9045
9057
9020
9068
9074
9075
9015
9047
9001
9066
9018
9059
8998
9042
9026
9063
8996
9029
9001
9015
9011
9017
9006
9013
8981
9018
8945
9051
8941
9023
8932
8979
8948
9018
8972
8999
8939
9010
8948
8992
8960
8978
8935
8981
8948
8997
8933
8968
8898
8953
8890
8938
8884
8961
8925
8958
8938
8932
8867
8915
8897
8938
8876
8923
8861
8888
8884
8896
8874
8930
8874
8882
8867
8911
8872
8888
8857
8914
8830
8888
8831
8856
8824
8861
8847
8882
8826
8875
8855
8874
8801
8855
8815
8847
8802
8841
8800
8862
8757
8825
8779
8848
8755
8828
8751
8823
8770
8797
8778
8810
8776
8810
8723
8804
8749
8773
8741
8804
8736
8801
8763
8801
8760
8742
8717
12402
8715
8740
8710
8754
8710
8760
8723
8788
8725
8734
8668
8723
8725
8719
8670
8737
8686
8736
8694
8725
8685
8736
8676
8729
8687
8689
8643
8716
8649
8695
8623
8721
8653
8684
8651
8694
8806
10094
12774
12377
11386
21075
9310
8958
8901
8892
8878
8942
8855
8880
9178
10825
20898
11283
9507
10182
8599
8621
8586
8643
8588
8600
8576
8652
8557
8634
8569
8626
8581
8566
8571
8589
8554
8587
8558
8588
8555
8597
8538
8561
8533
8580
8525
8561
8508
8563
8503
8549
8468
8505
8505
8538
8462
8544
8484
8562
8462
8541
8497
8510
8460
8498
8493
8505
8454
8522
8433
8511
8423
8518
8441
8496
8443
8464
8420
8490
8423
8484
8423
8480
8419
8446
8438
8466
8398
8462
8395
8472
8413
8430
8402
8439
8406
8444
8372
8433
8367
8419
8407
8414
8375
8402
8366
8415
8345
8407
21051
8660
17516
8416
8322
8393
8297
8387
8309
8370
8339
8349
8327
8385
8379
8361
8346
8326
8348
8322
8315
8364
8335
8339
8304
8339
8293
8328
8301
8340
8276
8312
8295
8305
8282
8319
8263
8316
8272
8273
8261
9844
10591
13134
11053
20322
10763
10476
23973
11133
10900
10995
10792
19601
8263
8250
8203
8260
8207
8224
8196
8261
8188
8236
8179
8255
8187
8230
8210
8224
8197
8162
8183
8168
8167
8179
8177
8195
8192
8184
8176
8177
8161
8168
8133
8213
8133
8174
8105
8177
8144
8192
8125
8149
8128
8148
8140
8155
8145
8148
8130
8181
8132
8133
8116
8114
8075
8105
8091
8131
8091
8114
8090
9761
12897
11590
10856
19470
11044
10082
8325
8367
8273
8355
8304
8327
8286
8327
8271
8302
8268
8300
8658
9535
9040
9856
9439
9296
10024
8520
8215
8319
8233
8282
8221
8269
8226
8256
8201
8267
8200
8229
8226
10145
9894
9612
8237
8256
8202
8225
8177
8252
8172
8217
8175
8234
9327
20095
19519
8325
8167
8191
8184
8230
8175
8209
8138
8204
9295
10396
9011
8215
8125
8160
8143
8131
9805
13361
10874
10542
9580
8188
8107
8154
8135
8156
8072
8165
8110
8120
8090
10158
10218
10048
8719
9211
8693
9912
9401
8139
8064
8140
8070
8144
8043
8095
8070
8057
8033
8085
8013
8105
8011
8084
8051
8052
8008
8085
8026
8092
8007
8055
7996
8046
7980
8005
7998
8048
7994
8030
7985
8018
7975
8025
7982
8019
7948
7998
7999
7999
7981
7996
8001
8034
7984
7952
7972
8014
7943
7976
7934
8026
7938
7953
7915
7981
7933
7928
7922
7944
7886
7936
7923
7934
7914
7919
7883
7945
7900
7898
7888
7916
7864
7929
7851
7908
7842
7890
7877
7889
7852
7902
7846
7891
7859
7885
7860
7933
7828
7889
7821
7879
7826
7855
7820
7865
7837
7851
7807
7839
7790
7853
7790
7840
7772
7838
7811
7839
7782
7820
7762
7827
7736
7775
7756
7813
7757
7784
7733
7793
12591
7829
7768
7817
7760
7800
7752
7785
7703
7762
7728
7792
7714
7745
7701
7799
7720
7729
7731
7765
7717
7736
7701
7745
7649
7729
7710
7744
7699
7687
7657
7751
7650
7712
7669
7693
7664
7664
7646
7705
7640
7689
7651
7677
7636
7664
7650
7674
7608
7663
7638
7692
7639
7646
7609
7636
7605
7660
7605
7654
7581
7638
7592
7615
7589
7627
7544
7616
7599
7626
7580
7607
7586
7604
7557
7626
7556
7565
7586
7613
7548
7588
7557
7604
7564
7591
7532
7566
7498
7606
7517
7591
7513
7556
7538
7533
7526
7547
7518
7573
7459
7508
7504
7557
7475
7530
7490
7532
7472
7518
7460
7542
7458
7486
7436
7454
7438
7484
7467
7520
7414
7487
7424
7492
7432
7463
7432
7464
7418
7431
7401
7467
7419
7432
7418
7453
7395
7441
7395
7441
7404
7424
7360
7442
7392
7406
7359
7450
7374
7379
7356
7383
7358
7405
7382
7416
7337
7377
7351
7403
7353
7379
7338
7376
7352
7380
7313
7380
7318
8011
8005
8968
8376
8332
8316
7377
7317
7375
7303
7336
7321
7348
7312
7335
7305
7314
7290
7356
7269
7316
7297
7270
7256
7287
7259
7315
7245
7281
7261
7298
7250
7285
7247
7299
7227
7281
7215
7232
7215
7245
7245
7263
7182
7255
7210
7267
7179
7236
7211
7252
7193
7220
7204
7177
7190
7217
7180
7222
7169
7220
7152
7201
7168
7214
7158
7191
7166
7172
7156
7168
7144
7183
7149
7224
7120
7173
7094
7166
7135
7134
7107
7158
7106
7124
7125
7127
7106
7104
7085
7138
7074
7124
7113
7109
7076
7080
7099
7122
7072
7090
7011
7114
7085
7100
7066
7102
7048
7090
7052
7094
7043
7061
7055
7099
7034
7066
7032
7038
7016
7050
6990
7061
7019
7047
6995
7059
6988
7039
6986
7061
6985
7006
6989
7030
6957
6981
6948
7077
6971
6999
6982
7053
6952
6984
6947
7027
6957
6969
6956
7034
6934
6980
6935
7014
6935
6965
6947
6947
6900
6933
6884
6971
6897
6917
6915
6931
6906
6915
6920
6904
6916
6885
6894
6919
6875
6923
6873
6909
6861
6882
6867
6884
6872
6863
6870
6883
6868
6867
6839
6875
6853
6870
6842
6855
6796
6815
6842
6870
6802
6838
6830
6839
6790
6825
6816
6825
6787
6825
6801
6814
6772
6821
6768
6798
6777
6792
6796
6817
6776
6785
6785
6827
6737
6610
6571
6602
6550
6544
6551
6572
6545
6569
6523
6571
6527
6542
6539
6532
6541
6553
6548
6559
6502
6515
6497
6541
6499
6512
6494
6554
6487
6488
6504
6506
6504
6496
6439
6495
6460
6518
6454
6533
6467
6472
6428
6514
6462
6457
6459
6492
6431
6456
6461
6468
6413
6448
6416
6470
6395
6441
6392
6415
6424
6404
6425
6440
6393
6426
6368
6413
6370
6442
6381
6437
6358
6381
6367
6432
6364
6378
6361
6413
6356
6382
6357
6409
6336
6363
6360
6401
6337
6353
6339
6380
6297
6355
6306
6366
6279
6355
6306
6364
6291
6334
6321
6362
6307
6303
6296
6361
6250
6299
6264
6349
6281
6290
6272
6328
6250
6276
6246
6271
6242
6289
6257
6313
6246
6275
6223
6264
6239
6245
6255
6268
6245
6239
6217
6271
6213
6250
6214
6227
6212
6206
6184
6249
6200
6209
6186
6251
6212
6234
6200
6237
6181
6211
6185
10238
6188
6180
6168
6168
6175
6170
6123
6212
6137
6175
6143
6160
6099
6196
6141
6216
6139
6163
6143
6149
6118
6124
6127
6127
6091
6136
6066
6111
6108
6121
6098
6130
6087
6152
6090
6125
6094
6128
6055
6133
6059
6110
6055
6087
6082
6078
6065
6114
6056
6108
6042
6053
6055
6065
6018
6065
6022
6069
6032
6089
6028
6024
6037
6068
5983
6035
5988
6040
6005
6018
6004
6045
5991
6031
5968
6016
5996
5983
5976
6010
5929
5983
5954
6003
5960
5977
5943
5997
5967
5965
5940
5950
5950
5955
5935
5958
5920
5977
5911
5973
5900
5941
5915
5939
5928
5941
5887
5934
5886
5941
5888
5926
5908
5893
5864
5924
5852
5884
5858
5910
5845
5912
5849
5909
5892
5854
5818
5871
5867
5877
5837
5862
5854
5843
5824
5857
5839
5851
5822
5865
5814
5833
5822
5950
5822
5830
5808
5850
5786
5840
5807
5815
5772
5822
5755
5823
5780
5775
5780
5828
5770
5803
5739
5796
5752
5769
5755
5806
5746
5781
5749
5767
5727
5771
5717
5785
5720
5746
5726
5732
5720
5734
5693
5744
5725
5716
5710
5752
5689
5726
5668
5720
5690
5726
5688
5721
5693
5703
5654
5702
5646
5688
5650
5675
5649
5682
5630
5696
5657
5688
5643
5660
5629
5639
5642
5667
5628
5674
5614
5627
5618
5640
5627
5660
5599
5622
5631
5594
5604
5616
5570
5617
5573
5628
5569
5608
5570
5660
5571
5650
5588
5597
5556
5586
5551
5563
5590
5602
5561
5596
5508
5547
5526
5540
5551
5578
5540
5559
5498
5556
5534
5543
5507
5553
5496
5547
5495
5524
5512
5505
5488
5591
5465
5523
5502
5526
5479
5507
5493
5521
5451
5488
5471
5479
5464
5473
5443
5486
5464
5457
5427
5468
5429
5455
5435
5466
5374
5447
5415
5440
5421
5431
5403
5455
17810
5608
5591
5605
14449
5434
5403
5440
5393
5417
5406
5390
5393
5415
5348
5406
5389
5414
5368
5361
5354
5387
5351
5402
5360
5391
5324
5392
5316
5384
5359
5385
5333
5364
5307
5360
5301
5347
5314
5346
5341
5350
5307
5327
5270
5323
5291
5348
5300
5312
5278
5330
5287
5293
5271
5333
5279
5320
5281
5333
5258
5264
5265
5300
5240
5287
5266
5290
5240
5265
5228
5295
5220
5271
5213
5247
5217
5258
5227
5279
5216
5242
5199
5249
5199
5231
5173
5252
5185
5241
5175
5238
5170
5188
5182
5238
5154
5187
5146
5222
5175
5159
5169
5209
5175
5171
5151
5184
5136
5170
5107
5167
5144
5174
5164
5148
5126
5148
5120
5144
5107
5102
5107
5133
5100
5125
5108
5137
5099
5118
5083
5135
5066
5115
5066
5105
5076
5093
5073
5105
5057
5085
5056
5107
5064
5070
5049
5050
5055
5052
5040
5084
5033
5045
5035
5067
5013
5049
5008
5074
5009
5035
5025
5032
5015
5031
4997
5043
4974
5016
4964
5029
4980
5008
4974
5018
4959
4988
4967
5001
4960
4943
4959
4982
4951
4968
4952
4971
4945
4954
4945
5003
4940
4947
4922
4947
4930
4939
4898
4966
4924
4949
4883
4954
4895
4940
4894
4935
4902
4914
4893
4915
4894
4926
4848
4915
4878
4903
4862
4902
4868
4877
4862
4906
4851
4874
4864
4872
4845
4861
4840
4878
4826
4858
4819
4865
4835
4825
4836
4854
4823
4847
4800
4825
4807
4811
4803
4837
4799
4791
4799
4831
4787
4807
4780
4832
4777
4806
4768
4807
4759
4779
4767
4780
4752
4782
4759
4805
4730
4804
4747
4773
4742
4746
4736
4768
4736
4746
4688
4765
4726
4726
4707
4751
4715
4738
4708
4754
4693
4725
4692
4730
4694
4697
4686
4723
4679
4708
4671
4706
4669
4692
4655
4672
4670
4686
4656
4682
4653
4669
4655
4678
4630
4664
4639
4655
4630
4640
4610
4653
4626
4599
4630
4657
4616
4615
4614
4634
4611
4611
4585
4659
4595
4595
4579
4620
4555
4600
4563
4608
4580
4558
4580
4638
4528
4588
4549
4581
4537
4561
4547
4564
4533
4553
4528
4570
4537
4544
4533
4557
4524
4544
4516
4562
4526
4518
4501
4559
4496
4523
4495
4546
4496
4485
4485
4527
4478
4520
4481
4507
4466
4499
4459
4497
4454
4494
4446
4469
4456
4463
4419
4485
4415
4460
4420
4459
4434
4430
4437
4475
4424
4441
4404
4447
4401
4409
4405
4438
4401
4423
4409
4429
4384
4395
4387
4417
4401
4403
4377
4408
4346
4384
4373
4413
4361
4369
4356
4414
4349
4365
4346
4383
4348
4359
4332
4360
4321
4334
4323
4351
4316
4337
4327
4347
4326
4309
4295
4337
4292
4292
4305
4333
4288
4291
4285
4322
4280
4311
4288
4327
4262
4275
4274
4318
4251
4295
4266
4293
4261
4268
4243
4276
4233
4278
4240
4287
4231
4249
4222
4261
4202
4233
4197
4248
4212
4222
4195
4240
4179
4234
4191
4239
4189
4187
4201
4205
4187
4177
4171
4218
4159
4172
4164
4207
4170
4170
4164
4165
4158
4190
4155
4175
4138
4168
4150
4132
4140
4167
4143
4159
4114
4151
4109
4139
4102
4099
4099
4140
4078
4129
4083
4111
4095
4080
4087
4132
4101
4096
4074
4080
4073
4079
4063
4109
4053
4093
4043
4107
4061
4059
4044
4084
4040
4050
4027
4057
4029
4040
4042
4061
4036
4042
5629
4214
4156
4116
4133
13423
4004
4025
3983
4033
3984
4006
3987
4000
3993
3985
3984
3997
3996
3969
3983
4005
3974
3977
3967
3979
3962
3964
3956
3975
3959
3965
3962
3963
3957
3919
3937
3943
3915
3930
3933
3945
3924
3905
3924
3949
3934
3924
3909
3930
3908
3906
3914
3936
3890
3902
3899
3884
3890
3910
3857
3892
3867
3891
3863
3888
3847
3846
3851
3885
3857
3871
3845
3860
3843
3813
3848
3849
3835
3825
3820
3852
3813
3803
3818
3840
3805
3817
3806
3823
3807
3793
3793
3804
3806
3811
3782
3808
3795
3767
3780
3797
3755
3752
3787
3795
3764
3743
3768
3773
3740
3767
3738
3770
3753
3733
3748
3759
3731
3731
3731
3752
3745
3728
3695
3734
3709
3711
3697
3731
3706
3693
3678
3718
3702
3670
3698
3717
3690
3672
3675
3687
3686
3689
3644
3682
3663
3659
3666
3673
3667
3652
3653
3661
3628
3623
3636
4769
3621
3632
3618
3653
3633
3635
3620
3609
3636
3608
3595
3626
3598
3595
3597
3655
3593
3601
3573
3598
3576
3575
3574
3576
3550
3573
3577
3553
3554
3553
3566
3593
3548
3541
3551
3547
3538
3531
3547
3558
3527
3530
3526
3526
3547
3523
3535
3525
3532
3502
3493
3499
3521
3488
3510
3506
3492
3503
3495
3475
3487
3481
3483
3485
3495
3469
3455
3456
3481
3446
3454
3478
3446
3465
3435
3470
3454
3423
3426
3470
3426
3434
3419
3438
3407
3424
3427
3421
3394
3416
3409
3426
3402
3377
3410
3412
3390
3401
3369
3388
3387
3374
3372
3390
3347
3366
3369
3388
3362
3353
3349
3360
3348
3362
3339
3351
3348
3343
3339
3341
3328
3328
3326
3346
3330
3301
3317
3341
3316
3319
3300
3295
3316
3284
3309
3308
3300
3294
3295
3282
3291
3268
3291
3393
3297
3269
3270
3242
3270
3244
3253
3268
3243
3268
3235
3229
3233
3227
3235
3257
3214
3231
3226
3208
3207
3205
3240
3238
3243
3228
3232
3195
3206
3182
3203
3218
3202
3203
3199
3180
3192
3164
3189
3202
3196
3179
3194
3190
3168
3173
3142
3168
3159
3157
3155
3166
3152
3131
3142
3155
3121
3128
3128
3134
3140
3139
3105
3142
3118
3112
3093
3121
3111
3099
3122
3108
3092
3104
3094
3076
3088
3067
3086
3101
3074
3059
3080
3077
3057
3060
3047
3057
3075
3058
3060
3047
3047
3036
3019
3063
3046
3032
3037
3044
3031
3001
3029
3030
3026
3017
3021
3013
3010
2983
3008
3015
3005
3002
2999
2997
2995
2996
2979
2981
2977
2979
2973
2972
2965
2955
2973
2960
2982
2970
2934
2963
2938
2939
2928
2967
2934
2943
2930
2950
2948
2934
2911
2914
2915
2911
2907
2931
2882
2919
2906
2923
2894
2897
2896
2904
2882
2864
2883
2892
2863
2879
2880
2892
2878
2853
2840
2875
2862
2859
2844
2865
2854
2839
2835
2877
2822
2824
2838
2820
2818
2810
2812
2824
2802
2812
2807
2817
2808
2779
2798
2822
2797
2801
2777
2805
2782
2768
2785
2794
2773
2772
2778
2785
2767
2747
2759
2776
2756
2759
2761
2773
2746
2726
2737
2754
2727
2737
2754
2757
2728
2732
2726
2732
2721
2699
2710
2706
2696
2698
2675
2719
2696
2706
2699
2701
2687
2663
2674
2702
2675
2692
2695
2674
2665
2669
2670
2673
2659
2657
2649
2663
2645
2645
2643
2659
2659
2647
2627
2644
2635
2606
2615
2630
2604
2624
2594
2624
2609
2608
2599
2626
2601
2605
2598
2599
2582
2561
2584
2602
2594
2575
2587
2598
2572
2552
2577
2566
2553
2561
2550
2559
2541
2533
2544
2537
2529
2545
2523
2549
2532
2507
2509
2549
2527
2529
2514
2523
2486
2484
2512
2521
2502
2490
2499
2508
2495
2469
2486
2501
2479
2466
2477
2493
2462
2479
2460
2478
2472
2471
2457
2458
2461
2432
2446
2457
2450
2429
2435
2440
2432
2414
2438
2427
2413
2408
2406
2433
2403
2395
2392
2438
2409
2407
2392
2405
2393
2391
2365
2413
2377
2392
2376
2397
2376
2380
2362
2405
2341
2366
2356
2339
2353
2340
2326
2355
2341
2354
2336
2351
2329
2314
2330
2341
2340
2330
2332
2313
2318
2316
2305
2316
2305
2314
2307
2281
2482
2682
2819
2616
2796
12759
2348
2351
2314
2321
2331
2348
2305
2325
2312
2760
2742
3154
2855
3073
2852
2700
2847
2596
2275
2282
2295
2315
2273
2285
2293
2240
2281
2257
2278
2292
2272
2263
2268
2253
2257
2240
2250
2259
2243
2255
2247
2226
2227
2215
2205
2252
2235
2223
2221
2210
2204
2205
2202
2228
2194
2204
2187
2199
2192
2194
2203
2205
2172
2189
2176
2191
2174
2166
2167
2180
2140
2162
6276
2174
2155
2136
2148
11228
2071
2093
2064
2067
2042
2054
2059
2087
2023
2069
2046
2039
2045
2050
2042
2115
2041
2052
2021
2078
2010
2070
2015
2051
1988
2007
1989
2031
1978
2005
1973
2055
1988
2019
1968
2010
1960
1986
1978
2027
1966
1985
1963
1971
1967
1968
1948
2027
1973
1962
1946
1971
1950
1945
1937
1963
1936
1947
1924
1949
1903
1924
1926
1940
1932
1910
1904
1931
1894
1919
1905
1925
1891
1899
1886
1911
1884
1874
1881
2149
1893
1879
1868
1890
1865
1874
1864
1877
1846
1850
1842
1830
1840
1838
1834
1865
1816
1836
1830
1858
1837
1815
1813
1842
1824
1812
1810
1835
1806
1795
1789
1834
1811
1792
1793
1815
1781
1791
1775
1806
1781
1776
1773
1794
1769
1780
1761
1762
1776
1753
1746
1776
1746
1740
1739
1765
1735
1737
1724
1764
1723
1721
1715
1820
1720
1716
1711
1738
1701
1694
1707
1725
1695
1698
1685
1687
1677
1714
1682
1681
1666
1678
1643
1715
1646
1652
1630
1675
1654
1651
1635
1673
1633
1636
1636
1655
1649
1634
1632
1655
1622
1622
1613
1647
1611
1610
1606
1632
1603
1602
1595
1604
1583
1599
1583
1618
1585
1586
1573
1605
1575
1581
1565
1594
1573
1580
1559
1655
1555
1558
1543
1576
1549
1539
1536
1566
1533
1537
1525
1556
1525
1536
1514
1529
1520
1518
1497
1540
1485
1499
1499
1527
1481
1476
1471
1493
1464
1477
1480
1525
1492
1481
1455
1497
1454
1464
1450
1482
1437
1445
1456
1471
1443
1431
1439
1472
1412
1448
1438
1461
1409
1425
1413
1448
1415
1421
1408
1416
1387
1420
1403
1496
1387
1398
1398
1417
1382
1382
1389
1405
1386
1376
1372
1397
1372
1387
1363
1376
1343
1347
1359
1379
1340
1344
1341
1372
1331
1337
1337
1361
1324
1334
1303
1334
1309
1312
1309
1343
1307
1311
1301
1334
1303
1303
1285
1311
1297
1287
1289
1301
1269
1283
1274
1295
1267
1268
1263
1282
1264
1263
1248
1272
1239
1256
1247
1282
1247
1241
1233
1260
1200
1259
1230
1243
1214
1213
1213
1267
1212
1211
1206
1217
1202
1203
1195
1218
1188
1189
1187
1199
1176
1179
1176
1200
1165
1201
1169
1179
1148
1174
1147
1182
1146
1147
1147
1178
1125
1134
1115
1137
1133
1147
1117
1129
1113
1120
1111
1140
1108
1125
1104
1130
1099
1094
1068
1107
1063
1086
1087
2917
1092
1073
1069
1093
1069
1062
1045
1091
1038
1043
1029
1092
1023
1044
1017
1098
1028
1063
1005
1057
1007
1067
1026
1046
1018
1018
989
1044
990
1004
1001
1001
1005
996
970
1015
970
989
981
1009
968
982
972
995
968
984
941
973
952
958
949
970
946
971
913
967
934
937
906
956
925
925
906
1298
917
920
902
925
903
909
901
927
880
902
889
927
869
905
887
897
872
874
867
903
862
874
863
882
856
869
838
889
847
849
846
857
829
844
819
842
830
830
804
850
815
820
789
827
792
844
777
812
790
796
776
797
786
815
781
807
779
774
774
795
770
750
766
791
769
759
754
775
733
754
744
777
733
742
739
778
716
746
712
822
766
760
731
754
711
744
712
751
706
710
708
734
687
725
675
744
698
705
689
701
681
681
674
683
683
664
664
655
640
653
650
663
651
633
642
639
636
637
610
633
634
611
618
619
593
627
594
617
606
593
598
604
603
600
580
594
589
576
571
588
568
582
566
579
559
557
565
564
549
560
547
553
555
529
545
544
533
546
517
530
521
517
524
530
497
521
512
512
514
490
501
507
481
502
477
494
487
479
483
487
456
467
451
477
458
454
448
450
445
449
435
449
436
438
425
430
422
424
403
432
426
419
421
423
410
418
403
416
409
390
386
395
405
379
396
398
393
374
381
366
361
370
353
375
366
358
364
368
346
353
329
356
337
334
328
331
328
336
316
331
311
320
312
325
311
327
311
314
298
297
288
303
287
304
291
302
278
271
273
286
267
281
261
277
273
256
247
273
247
265
239
256
235
238
229
250
226
241
221
235
212
221
211
227
204
224
212
216
194
202
191
214
184
211
190
196
191
176
168
223
196
255
156
216
187
147
157
156
151
141
136
140
140
142
116
284
125
112
105
115
114
118
100
99
92
111
108
97
98
92
