1909
401
250
179
141
150
145
330
213
189
243
199
176
241
204
212
175
179
198
238
187
213
226
241
210
205
307
280
215
212
300
382
849
583
399
339
365
376
311
339
324
319
342
369
432
321
337
379
329
351
315
333
390
392
335
402
359
357
367
360
412
433
403
417
424
370
391
444
442
439
421
438
461
395
412
431
440
449
434
454
457
373
433
453
516
550
393
438
490
425
501
504
523
499
472
524
515
489
511
520
589
612
608
616
530
519
540
522
661
720
502
591
612
543
566
574
590
589
518
482
505
504
497
566
517
529
2615
613
501
602
496
549
546
543
508
626
520
602
506
516
593
539
700
560
596
536
534
540
571
662
528
626
665
643
602
648
629
716
616
617
686
570
556
673
667
583
574
694
652
664
628
636
654
628
634
594
659
652
732
721
752
708
794
679
719
642
646
652
676
646
647
836
821
779
728
787
679
751
682
886
689
680
755
701
849
837
815
742
698
685
785
877
862
790
866
976
946
1018
717
726
863
936
805
904
804
761
747
790
875
962
817
855
869
932
832
809
22151
874
839
844
806
808
912
892
900
768
925
1059
1013
939
1083
1072
1021
1015
1071
1077
871
1113
1019
1032
1093
1032
1073
1118
1037
871
1033
1067
1153
960
869
915
872
1050
1042
1118
1081
1087
1132
1131
1180
1081
1081
1172
1173
1142
1132
1141
1172
1168
1044
1105
1154
1063
928
968
1126
1091
1005
973
1007
1131
1114
1236
1100
1224
1165
1147
1197
1185
1224
1292
1250
1261
1177
1286
1233
1265
1201
1321
1215
1240
1258
1268
1369
1088
1237
1277
1557
1219
1295
1218
1375
1269
1329
1384
1298
1277
1336
1290
1303
1323
1309
1364
1364
1351
1311
1305
1449
1317
1380
1240
1191
1201
1161
1264
1351
1293
1217
1258
1350
1383
1361
1357
1438
1409
1411
1386
1429
1371
1259
1278
1447
1300
1374
1368
1368
1287
1228
1383
1367
1376
1441
1352
1477
1465
1382
1479
1458
1479
1478
1598
1501
1437
1550
1506
1620
1389
1468
1376
1472
1450
1432
1575
1530
1457
1496
1575
1540
1512
1626
1544
1574
1542
1513
1553
1569
1412
1529
1605
1600
1435
1592
1557
1603
1613
1475
1623
1660
1615
1663
1609
1637
1585
1644
1615
1653
1605
1614
1613
1619
1529
1614
1683
1643
1696
1616
1671
1699
1658
1704
1723
1667
1708
1690
1700
1698
1663
1743
1694
1756
1667
1636
1716
1515
1458
1340
6397
1705
1608
1668
1512
1532
1607
1621
1670
1682
1680
1670
1687
1554
1712
1514
1389
1710
1545
1740
1502
1705
1700
1629
1626
1750
1464
1802
1871
1636
1618
1745
1741
1843
1858
1828
1889
1672
1661
1790
1749
1852
1807
1582
1937
1890
1828
1844
1762
1901
1869
1979
1941
1956
1879
1927
1984
1987
1881
1895
1804
1684
1734
1878
1911
1947
1851
1969
1963
1928
1907
1954
2009
2104
1848
1971
2040
1976
1958
1848
1784
2037
1888
2051
2020
2080
2023
1994
2018
2039
2052
2089
2085
2027
1951
1914
2052
2033
2060
2111
2178
2076
2126
2040
2042
2059
2108
2099
2093
2142
2081
2041
2144
2140
2028
2150
2069
1913
1800
1847
2154
2165
2102
2102
2101
2081
2039
2153
2108
2037
2045
2063
2149
2024
1858
2067
2038
2299
2045
2186
2226
2207
2128
2175
2213
2260
2206
2236
2250
2201
2140
2036
2190
2232
2201
2249
2234
2227
2165
2209
2250
2261
2219
2308
2291
2173
2116
2293
2236
2218
2282
2273
2394
2310
2312
2225
2386
2452
2256
2310
2324
2400
2345
2268
2328
2454
2244
2319
2415
2439
2436
2404
2369
2493
2412
2399
2403
2305
2424
2362
2532
2381
2370
2263
2436
2233
2356
2082
2014
2301
2336
2235
2416
2409
2411
2390
2485
2382
2182
2401
2506
2381
2273
2224
2290
2423
2399
2445
2526
2483
2548
2513
2495
2545
2465
2527
2433
2419
2457
2494
2466
2476
2505
2451
2535
2504
2505
1986
2008
2051
2095
2435
2300
2136
1957
1975
2017
2017
1986
2043
1999
1998
1972
1980
2052
2011
2012
2021
2010
1994
2022
2009
2043
2038
2018
2065
2041
2023
2017
2021
2064
2069
2063
2079
2073
2067
2056
2033
2082
2068
2044
2142
2088
2061
2060
2044
2155
2115
2083
2125
2108
2085
2088
2072
2095
2097
2110
2188
2128
2106
2123
2125
2165
2144
2146
2157
2143
2177
2139
2148
2194
2163
2153
2194
2162
2183
2157
2150
2182
2188
2192
2192
2165
2197
2171
2194
2185
2194
2223
2248
2247
2230
2188
2259
4744
2245
2240
2245
2254
2227
2213
2226
2242
2253
2267
2266
2265
2255
2241
2267
2279
2274
2260
2275
2307
2280
2250
2302
2258
2270
2303
2317
2287
2313
2274
2297
2313
2306
2321
2302
2334
2346
2294
2344
2332
2344
2330
2335
2347
2365
2324
2327
2347
2332
2349
2368
2372
2342
2350
2400
2369
2376
2374
2433
2371
2411
2360
2383
2409
2391
2409
2398
2413
2418
2385
2424
2430
2387
2432
2443
2460
2445
2389
2416
2425
2449
2460
2418
2439
2452
2439
2453
2476
2424
2472
2485
2463
2483
2458
2456
2482
2447
2463
2486
2502
2461
2476
2474
2485
2654
2485
2470
2623
2806
2626
3139
2697
2911
2865
2575
2528
2506
2730
2704
2729
2762
2673
2648
2641
2749
2640
2760
2642
3006
3304
3284
2650
3329
3076
2990
2587
2620
2588
2594
2570
2598
2580
2599
2588
2555
2625
2613
2604
2641
2590
2594
2618
2610
2607
2606
2615
2621
2623
2608
2626
2624
2644
2641
2631
2639
2644
2663
2647
2643
2679
2654
2670
2669
2656
2715
2688
2652
2684
2707
2661
2709
2772
3090
2815
3293
2691
2715
2722
2717
2683
2718
2707
2710
2704
2752
2727
2728
2714
2718
2729
2726
2766
2772
2743
2749
2733
2748
2823
2762
2791
2816
2762
2775
2775
2792
2773
2775
2787
2802
2811
2798
2771
2815
2806
2788
2788
2803
2808
2794
2795
2804
2852
2835
2829
2819
2848
2837
2825
2838
2853
2844
2850
2856
2872
2871
2854
2865
2863
2865
2867
2909
2856
2893
2855
2880
2873
2907
2877
2905
2908
2894
2891
2901
2923
2896
2923
2918
2909
2901
2890
2940
2952
2947
2953
2965
2949
2973
2902
2927
20164
3483
2980
2980
2962
2947
2963
2973
2963
2973
2960
2969
3006
2982
2959
2985
2967
2998
2974
2975
2998
2996
2978
2980
3038
3040
3086
3012
3033
3021
2989
3031
3057
3044
3039
3147
3047
3023
3037
3020
3059
3058
3040
3063
3062
3080
3039
3048
3068
3103
3049
3091
3076
3089
3089
3075
3105
3112
3127
5159
3129
3085
3095
3118
3106
3188
3122
3149
3141
3139
3126
3114
3167
3147
3143
3163
3161
3136
3179
3195
3165
3146
3152
3216
3170
3192
3152
3179
3169
3184
3165
3165
3192
3211
3176
3184
3177
3199
3195
3245
3192
3215
3205
3208
3215
3213
3273
3225
3239
3268
3219
3242
3225
3234
3212
3242
3254
3228
3233
3270
3293
3267
3260
3250
3282
3290
3309
3281
3318
3314
3312
3290
3281
3304
3278
3338
3344
3314
3294
3441
3320
3315
3288
3907
3792
3619
3340
3337
3347
3337
3324
3411
3319
3319
3380
3377
3347
3354
3325
3348
3365
3390
3381
3377
3345
3395
3353
3422
3375
3363
3407
3384
3379
3471
3368
3396
3404
3396
3483
3424
3410
3432
3422
3425
3635
3441
3453
3445
3470
3486
3441
3505
3456
3455
3488
3461
3463
3446
3488
3503
3452
3490
3538
3487
3485
3467
3458
3497
3478
3557
3512
3468
3493
3503
3486
3549
3960
3519
3529
3852
3508
3524
3502
3524
3496
3558
3619
3585
3513
3540
3527
3548
3559
3545
3553
3536
3532
3596
3557
3583
3566
3590
3593
3605
3578
3594
3585
3583
3581
3603
3603
3647
3666
3713
3596
3627
3609
3682
3674
3645
3627
3613
3615
3697
3768
3651
3672
3644
3731
3747
3642
3800
3770
3660
3712
3699
3714
3714
3643
3668
3700
3718
3687
3671
3719
3726
3732
3756
3799
3734
3705
3749
3686
3760
3670
3704
3727
3856
3768
3728
3715
3724
3761
3756
3750
3818
3749
3806
3745
3809
3844
3928
3809
3827
3776
3768
3808
3828
3770
3868
3760
3778
3867
3783
3818
3815
3855
4147
3878
3926
3900
3871
3922
4026
3822
3819
3828
3828
3969
3881
3929
3953
3848
3922
3851
3820
3852
3848
3966
3842
3849
3972
3950
4167
3865
4129
4261
3984
3860
3949
3911
3874
3881
3945
3887
3894
3879
3906
3945
3883
3992
3926
3930
3946
3895
3926
4342
3934
3942
3959
3937
4109
3960
3953
3926
3915
3964
3939
3961
3989
4029
3963
3980
4050
3999
3989
3956
3949
4267
3987
6961
3994
4058
4060
3985
4011
4036
4193
4118
4003
4042
4028
4010
4039
3996
4024
4113
4033
4062
4090
4102
4127
4075
4078
4112
4143
4115
4051
4063
4054
4072
4088
4124
4074
4113
4083
4089
4120
4134
4083
4102
4095
4203
4103
4208
4223
4174
4175
4148
4155
4171
4190
4163
4105
4095
4119
4150
4140
4169
4187
4154
4183
4213
4148
4252
4191
4235
4278
4197
4184
4392
4237
4172
4216
4172
4226
4210
4191
4211
4165
4210
4293
4201
4296
4253
4173
4242
4269
4328
4319
4250
4228
4312
4221
4253
4318
4234
4353
4255
4255
4288
4210
4266
4240
4379
4374
4260
4270
4344
4278
4339
4247
4291
4521
4269
4328
4293
4332
4312
4260
4327
4405
4289
4391
4364
4290
4320
4427
4374
4402
4298
4377
4327
4317
4324
4335
4399
4395
4325
4385
4389
4387
4427
4338
4509
5327
4545
4929
4837
6802
4837
4576
4645
4572
4539
4613
5274
20971
4728
4505
4511
4635
4477
4464
4489
4474
4440
4530
4441
4483
4441
4457
4512
4442
4500
4466
4445
4495
4488
4468
4504
4452
4491
4464
4465
4497
4498
4481
4515
4493
4503
4473
4566
4481
4496
4493
4576
5080
5213
4792
5116
5338
5504
5182
5085
5025
5292
4669
4960
5607
5191
5496
5649
5966
5999
5946
6014
5623
5428
4886
5900
5968
5919
5944
6012
6009
6002
5824
4790
4630
4799
5009
4767
5360
5076
5386
5932
4876
5256
4834
4784
4951
5348
5394
5611
5976
5297
5511
5204
5035
5429
4946
4573
5870
226528
6463
6201
6210
6141
6146
6051
6203
6143
5526
5770
5831
5959
5934
5235
5004
4983
5239
5251
5005
664428
6375
5838
5589
5340
5753
5513
5617
5382
5693
5479
5691
5169
4906
4874
5239
4946
5399
5456
5171
5275
5486
5647
5229
6083
5624
5508
6116
6343
4938
4929
5184
5059
4896
5142
4961
5293
5347
4938
5212
5864
5892
6257
5588
5216
5541
5774
5654
5361
5175
5322
5171
5535
5307
5715
6176
5805
5683
5047
5016
5226
5050
5101
5029
5138
5398
5464
5114
4966
5056
12568
5572
5230
5385
5527
5938
5665
5601
5188
5903
5789
6045
6132
5744
5890
5966
5089
5220
5520
5377
5144
5590
5187
5153
5564
5140
5132
4974
5351
5648
5554
6283
6221
6527
6455
6612
6592
6217
6272
6336
6443
6233
6228
6501
6556
6542
6532
6462
6387
6514
5428
5775
6000
6356
5990
6347
6360
6586
6622
6518
6659
6649
6666
6489
6543
6458
6524
6575
6880
6629
6484
6758
6696
6782
6598
6693
6856
6626
6715
6765
6669
6641
6680
6488
6712
6679
6177
6057
5728
5802
5434
5441
24551
5970
5306
5740
5913
6320
5880
6006
5994
6058
6064
5612
6525
5835
6289
6212
6574
6343
6505
6541
6513
6673
6698
6486
6746
6490
6554
6789
6800
6581
6753
6605
6617
6498
6775
6640
6378
5771
5937
6394
6835
6557
6681
6846
6706
6378
6148
6650
6140
6756
6698
6617
6850
6909
6784
6662
6859
6735
6832
6886
6717
6994
6899
6824
6862
6718
6849
6823
7165
7209
5927
5379
5410
5581
5900
5862
5644
5934
5712
5508
5669
5406
5504
6526
6599
7164
5700
5386
5684
5401
5439
5321
6024
6839
5995
5898
5775
6013
6618
5639
5687
5673
5858
5987
6674
5539
5632
6104
5783
6725
6836
6544
6336
5699
5761
5639
6536
5738
7059
7214
6910
6397
5825
6172
6772
6856
7079
5758
5836
5686
5746
5560
5822
5682
5940
6287
6383
5612
5755
6633
6649
7373
6256
6275
5890
5827
6141
5679
5776
6280
6057
6102
6411
5676
5895
6112
5800
5800
6021
5699
5862
5712
6087
6237
6450
6842
7426
7343
5935
5990
6211
5809
6532
6945
221092
6649
6143
5805
5911
5823
5737
6107
5783
6475
5843
5894
5531
5809
5752
5734
6713
6191
6370
7414
5703
5733
5775
6173
5834
5676
7546
5698
6979
8243
6037
6151
5692
6602
5833
6613
6868
8318
6834
6261
6136
5619
6001
6649
5642
5965
5609
6031
6282
6190
6868
6183
7064
6002
8038
7221
5743
7658
8698
6471
5878
6751
7561
6670
6701
7108
7421
6924
6840
7090
7241
7163
6576
29924
6988
7218
5857
5846
7065
7121
6585
6638
6334
5666
6134
6648
5868
6173
6633
6081
5981
6272
6732
6740
7149
7726
7541
7755
7561
7492
7402
8016
7635
7605
7773
7867
7663
7644
6667
7754
7538
8390
7488
7710
8037
7951
8021
7733
8218
7965
7581
7929
7622
7560
7619
7621
7637
7674
7681
7657
7814
7676
7737
7659
7759
7317
6404
7713
7767
7665
7855
7722
6867
6635
6722
6865
6797
6705
7197
6724
6326
6486
6099
7002
6319
6568
6966
6691
6124
6316
5962
5984
6169
6966
6194
6528
6306
6645
6294
6938
6821
7073
8229
8059
7745
8760
6357
8537
6290
5935
6336
6457
6428
6451
6191
6970
6677
7049
6597
9505
7386
6937
7546
7514
8216
6474
6994
6517
7781
6572
6161
6106
6378
6058
7112
6436
6110
7350
7162
6483
7745
6106
6474
6744
7620
6209
6296
6102
7304
6328
7071
6613
6991
7942
7542
7326
7340
6176
6308
6392
6182
7415
6849
10277
6649
9110
7775
6777
7970
6848
7240
6876
6326
7492
6892
6150
6505
8174
7321
7715
7929
7763
7822
7914
7291
7354
6719
7413
7356
6987
6572
7141
6991
7540
7073
7272
7207
7355
7337
7504
7607
7093
6929
6788
6923
8130
7947
8055
8072
8096
8074
8039
7553
7529
7859
7684
7972
7953
7752
7792
7659
8012
8080
7821
7891
7892
7857
8194
8213
8136
8204
8126
8225
8316
8216
8244
8206
8273
8354
8224
8240
8172
8225
8193
8256
8177
8313
8259
8310
8411
8317
8369
8382
8178
8321
8200
8273
8250
8224
8346
8343
8384
8454
8402
8355
8291
7766
8570
8395
8677
8106
8305
7428
7974
7787
7128
7628
7993
7642
8352
7992
8729
6968
6887
7042
7023
7388
7295
7358
7647
7840
7668
7875
8038
7940
8097
7939
8050
7998
8060
8041
8107
8052
8501
8019
8053
8186
8131
8132
8043
8101
8058
8149
8412
8129
8005
8417
8190
8060
8061
8054
8205
8129
8257
8064
8137
8180
8187
8128
8474
7601
7192
7864
7732
8076
8153
8003
8453
8266
7417
8400
8269
8343
8166
12319
8227
8274
8333
8464
8326
7937
8357
8352
8221
8242
8260
8453
8221
8179
8356
7119
8310
8392
8261
8188
8674
8269
8489
8070
7458
7926
7892
8600
7492
7423
7826
8070
7307
7078
7827
8686
7957
7846
8112
8667
8471
8359
8246
9253
8866
8377
8466
8780
8383
8444
8201
8569
8492
8681
8554
8408
8359
8440
8595
8868
8402
8349
8537
8580
8892
8532
8511
8027
7909
8568
8810
8691
8692
8540
8624
8915
8653
8767
23648
8538
8859
8431
8686
8599
8697
8941
8626
8760
8761
8650
8984
8671
8772
8622
8645
8838
8740
8244
8835
8596
8478
8891
8661
8679
8867
8769
8997
8705
8849
8751
8924
9027
8710
8876
8683
8866
8913
8689
8627
8363
8746
8953
8751
8609
8829
9141
8540
8032
8249
7848
7253
7783
7163
7537
8094
7373
8019
8620
8447
8255
7530
8075
8238
8786
9106
8608
8772
9055
8857
8734
9121
8868
8628
9057
8922
8612
8888
8298
8593
8962
8731
9124
8954
8815
9039
8595
8691
9079
8728
8881
8502
8903
9088
9244
9262
8747
9320
8863
9219
9368
9095
9339
9185
9345
9358
9304
9232
8714
8321
9061
7828
9347
9075
9241
9150
9351
9344
9181
9329
9243
8817
9065
9380
9096
9363
9250
9424
9457
9360
9367
8903
9181
9085
9196
9473
9483
9152
9552
9281
9489
9451
9597
9471
9465
9457
9173
9412
9183
9439
9139
9511
9701
9540
9387
9320
9501
8999
9299
9773
9321
9544
9480
9529
9507
9360
9478
9182
9480
9569
8852
8272
8140
7899
8952
7707
8019
8642
8961
9516
8360
7756
8058
8499
9088
8328
8494
8283
8462
8400
8375
8689
8665
8483
7777
8024
9351
9263
9237
9338
9464
9417
8680
9079
9023
8885
9381
9255
9183
9221
9254
9427
9323
9141
9091
9418
9576
9498
9528
9457
9581
9728
9585
9636
9628
9631
9606
9549
9547
9552
9582
9481
9707
9637
9612
9656
9719
9516
9590
9631
9601
9570
9695
9782
9723
9710
9718
9721
8988
9220
9865
9566
9738
9343
8827
7983
8546
8555
8481
8637
8523
8252
8362
9173
15872
9198
9101
8914
8884
9472
9721
9416
9454
9507
9481
9161
8355
9086
9562
8504
8876
9180
9069
9203
9010
7932
8955
9216
9621
9771
9719
9870
9685
8194
8186
8387
8690
8476
8407
8687
8074
8440
7664
9271
10606
9355
9597
7819
8190
8835
13870
14944
12385
9000
9142
11083
9850
8837
9223
9332
9497
9281
9674
9610
9518
9586
9730
9470
9613
8993
9143
9912
9899
9803
9868
9905
9912
10092
9997
10070
10099
9932
9995
9913
10039
9918
9877
9940
10095
9976
10028
10089
9949
9930
9953
9970
10161
10008
10124
10118
10072
10173
10018
9275
9075
10783
10080
10264
10078
8539
8766
8382
8869
8364
8809
8666
8735
9210
9216
9185
9648
9260
10119
9993
10199
9121
8285
8500
8665
8533
8700
8181
9039
9307
9587
9564
9735
9479
9758
9811
9842
9749
9519
9620
9593
9557
9892
9431
9669
9663
9764
9626
9735
9758
9783
9370
9553
9639
10440
9753
9877
9770
9636
9800
9760
9737
9943
9461
9830
9637
9828
10105
9565
8675
9597
8801
8707
9760
9846
9420
9473
9466
9951
10020
9518
9791
10024
9913
10061
10067
9953
10233
10030
10186
10092
10115
9873
10102
10032
9945
10224
9552
9107
9763
9664
9429
9711
9944
9916
9840
10203
10069
11181
9164
11258
11181
10528
8691
9731
9147
9677
9921
9619
9957
9745
9810
9869
9714
9805
9685
9883
9917
9878
9737
9937
9767
9842
9874
9794
9778
9778
9526
9781
9820
9286
9946
10384
9970
10174
9959
9770
9780
9772
9841
9949
9880
9824
9772
10048
9882
9936
9950
9795
9773
9872
9935
9861
9943
9876
9954
9888
10126
9868
10348
10440
10233
10200
9891
9902
9967
9855
9926
10013
9895
10072
10071
9872
9976
9897
9912
10002
9936
9964
9875
9962
9944
9969
10125
9901
9929
10483
10590
10368
10090
9938
10019
10081
9996
9875
21114
9994
10021
9964
10143
10043
10054
10311
9890
9972
10520
10060
10000
9997
10030
10161
10123
9768
10310
10720
10231
10078
9967
10077
10127
9990
10175
10074
10164
10039
10150
10153
10088
10180
18056
10165
9978
10194
10112
10139
10200
10046
9894
10501
10985
10485
10256
10124
10147
10121
10135
10233
10181
10231
10154
10243
10141
10165
10182
10272
10167
10246
10121
10204
10206
10148
10461
10245
9894
10459
10937
10850
10237
10211
10223
10212
10260
10227
10241
10328
10354
10194
10222
10310
10306
10208
10252
10302
10368
10239
10262
10311
10335
10184
10419
10957
10523
10422
10244
10363
10340
10319
10406
10307
10380
10347
10394
10389
10367
10371
10397
10281
10436
10364
10458
10382
10369
10475
10374
10577
11000
10917
10831
10508
10432
10535
10498
10361
10393
10323
10476
10448
10538
10447
10391
10450
10454
10404
10386
10531
10432
10391
10379
10487
11195
10771
10892
10561
10594
10492
10553
10550
10479
10565
10604
10473
10705
10554
10544
10477
10730
10417
10567
10460
10544
10546
10584
10619
10798
11370
10873
10619
10506
10743
10643
10583
10570
10597
10613
10613
10639
10526
10487
10689
10651
10520
10599
10615
10529
10634
10552
10530
10559
11023
11266
11058
10596
10654
10687
10646
10742
10583
10699
10697
10745
10731
10617
10702
10758
10639
10676
10774
10599
10630
10862
10749
10725
10815
11330
11064
10959
10705
10734
10663
10779
10653
10802
10781
11012
10723
10669
10685
10860
10751
10755
10817
10745
10713
10756
10812
10718
10637
11066
11396
11366
10918
10770
10848
10822
10751
10842
10848
10923
10788
10809
10954
10777
10830
10749
10943
21740
10892
10759
10838
10817
10829
10646
11489
11259
11259
10807
10900
10838
10904
10928
11001
10903
10888
10947
11046
10882
10750
10857
11008
10931
10978
10896
10907
10602
11610
10924
231094
11412
10991
10995
10959
10956
10678
10510
10889
11752
10738
10956
10887
10978
10858
11023
10890
10972
10967
11033
10911
11028
10948
11003
11037
11016
10914
10943
11094
11115
11012
11049
117308
10344
417412
330112
26581
18263
13328
13344
14426
13681
10675
11581
11809
12992
11117
13104
14193
14569
11883
12206
12858
12140
12128
12727
11564
10467
11121
11267
11723
11852
10049
10027
11537
10262
9523
11383
12545
12497
11306
11735
10531
10613
10825
10675
12148
11600
11880
11705
11770
11889
11553
11466
40551
14002
11466
11180
11579
12224
11339
11376
11564
11160
11175
11283
11348
11927
11784
10463
11754
12710
12481
12811
10814
11908
11512
11750
11785
11763
11359
11388
12183
11636
11105
11354
12185
11761
11413
11847
11513
11273
11579
11189
11585
11843
12723
11738
12689
11380
11299
11083
10600
12240
11084
11636
10785
12272
11189
11224
14598
12608
11238
11452
12255
12356
11418
11535
11559
11654
12139
11281
11181
11294
11932
11305
11289
9661
11320
11434
11528
11401
11494
11382
11262
11881
11610
11275
11507
11365
11672
11438
11468
11496
11429
11563
11499
11407
11534
11395
11485
11407
11425
11484
11567
11437
11466
11465
11967
11713
11718
11387
11515
11546
11411
11507
11501
11611
11527
11545
11583
11506
11490
11605
11585
11852
11517
11751
11510
11617
11869
11923
11599
11607
11686
11577
11809
11462
11569
11594
11653
11592
11570
11568
11651
11607
11627
11554
11701
11755
11544
11541
11728
11874
11655
11073
11733
11753
11681
11809
11575
11639
11347
10486
11613
10517
11978
10581
11441
11645
11762
11789
11708
11798
11717
11726
11895
11675
11789
11726
11236
11412
11766
11831
11880
11723
11656
11727
11733
11762
11741
11755
11667
11779
11794
11793
11794
11788
11778
11735
11898
11700
11689
11880
11778
12330
11790
11769
11788
11777
11776
11747
11859
11884
11756
11800
11794
11706
12110
11869
11958
11860
11902
12044
11839
11515
11462
10765
10901
11509
11119
10630
11911
11456
10986
11847
10648
10506
10816
11337
11842
11040
10822
20552
11449
12147
11403
11441
11776
11451
11638
11738
11718
11122
11320
11280
12183
12486
12531
12499
12658
11712
12183
12271
12444
12380
12622
12805
12032
11664
12380
12473
12176
12787
12899
12585
12799
12833
12848
12926
12925
12795
12869
12810
12925
12957
12916
12930
13007
12992
12826
12949
12783
12874
12899
13084
12904
13010
12643
12895
13081
12970
12219
11910
12020
10811
11132
11865
11458
11733
10888
11324
11372
11006
11243
11610
11186
11195
11850
11797
12387
12022
12209
11902
11576
12245
12755
12739
12215
11650
12468
12267
11315
11844
12010
12047
12091
12360
11955
11711
12920
12955
13037
12961
12431
12539
12842
12741
19588
12838
12266
12606
12975
12740
12944
13057
12977
13126
13231
13201
13206
13056
13020
13176
13143
13143
13181
13145
13260
13266
13210
13138
13153
13305
13270
13211
13167
13311
13118
12974
13288
13244
12618
12669
12132
12610
12470
13039
11412
12322
12205
12308
13824
11057
11243
11518
12286
11704
12793
12377
12530
12070
11136
10812
11421
12473
12904
12132
12578
12486
12454
12649
12718
12736
12574
12804
12779
12563
12561
12652
12698
12825
12711
12995
12825
12809
12694
12889
12732
12959
12292
12015
12375
12906
12312
12884
13169
13008
13392
12708
12966
13115
12748
13277
12962
13203
12821
13008
13053
12877
13047
11815
13417
11887
12724
12328
13093
12910
12999
13112
12311
13164
13255
11756
12693
11620
22339
12582
12375
12023
12035
12254
12434
12430
12153
11718
12528
13328
12473
13417
12938
12740
13519
12754
13466
13073
13732
13082
13357
13189
13206
12515
13083
13513
13040
13804
13025
13601
13104
13548
13346
13604
13115
13582
13706
13426
13207
13384
13420
13413
13405
13252
13332
13309
13548
13182
13807
12999
13644
13431
13606
13210
13712
13401
13658
13361
13455
13471
13331
13635
13240
13571
13095
12415
12451
12649
12728
12683
12487
12735
13128
13589
12916
13036
13624
13115
13680
12981
13348
12420
13095
12882
12184
11510
11203
11939
13738
12559
13122
13572
13477
12166
11011
12754
12579
12101
11887
12281
12371
13637
12399
13553
12911
13405
13273
13943
13215
13429
13553
13528
13482
13510
13865
13048
13531
13442
12859
12934
13330
13414
12645
13528
13423
13476
13114
13994
13754
13406
13499
13623
13377
13772
14024
13273
13438
13729
13683
13746
14108
13193
13509
13731
13475
13450
14198
13495
13393
13541
13369
13328
14152
13576
13552
12049
12668
12699
12388
13348
13276
13214
13293
11507
11665
13355
12038
11839
11526
12463
11972
11624
12790
13168
14142
12814
12142
12996
13631
12937
12708
12863
12787
12989
13001
12370
12211
13852
14158
13939
14303
13110
13521
13531
13552
13593
13574
13687
13752
13113
13367
14284
14006
14139
14137
14192
14317
14368
14317
14270
14311
14178
26221
14461
14420
15094
14262
14161
14200
18517
14295
14299
14421
14356
13937
14381
14308
14594
13032
13198
12565
12657
12319
13449
12474
12944
12233
13061
13045
11777
12791
12674
13156
13722
13012
13798
12731
13276
13956
13914
13481
12587
13947
12632
13402
13215
13408
13424
13022
13315
14228
14382
14455
14318
13692
13866
14097
13963
14007
13993
13118
13813
14308
14444
14970
14536
14641
14635
13993
14301
14458
14360
14684
14593
14478
14493
14089
14764
14755
14340
13341
13039
13266
13623
13826
14784
12537
12566
12678
12775
13564
13471
14020
13961
13951
13869
13768
13819
13991
13712
13857
13851
13866
14026
13923
13921
13897
13774
13855
14158
14028
13927
13818
13752
13819
13645
12338
12821
14116
13192
13685
14164
13229
14154
14013
14212
14301
14165
14164
13972
14295
14018
14109
14240
13991
13085
13619
14286
14105
14264
14298
12441
14016
14192
12227
13253
12665
12609
14306
12918
14280
14487
14129
14494
14482
14631
14198
13945
14545
14601
14357
13888
14184
14727
14497
14563
14766
14289
13269
14591
14315
14609
14594
14717
14635
14441
14889
14597
14421
14956
14533
14530
15039
14695
14445
14966
14668
14603
15017
14414
14370
14816
14560
14866
14791
30190
15033
14342
14656
14074
14116
14873
14362
15171
13770
13806
13091
12765
12263
12895
12885
14030
13498
12432
13850
14618
14206
14436
14665
14632
14326
14911
14220
14357
14506
14162
14782
14439
14720
14302
14608
14579
13933
15221
15043
14650
14501
15131
14929
15373
15251
15158
14744
13790
13810
15072
14603
15117
15349
15204
15077
14829
15228
15081
15243
15356
14921
14976
14956
14868
14582
16499
15333
14849
15316
15258
15241
15027
14744
15175
14673
15388
15499
15202
15179
14921
15256
15045
15379
15564
15004
14948
15097
14059
13050
13094
13712
12549
14006
12999
12421
12397
12631
13524
13177
12480
13238
14347
13489
13093
12930
14368
13353
14140
13388
13696
13808
13772
14143
14013
12586
13645
14656
14698
14914
14776
14244
14681
14808
14610
14800
15095
14146
14087
14815
14779
15275
15290
15142
15327
15376
15314
15410
15006
15238
15325
15287
15158
15436
15201
15417
15444
15212
15377
15280
15435
15413
15263
14583
15510
23450
14056
13750
13003
13699
13487
14137
12993
14002
13339
13725
13982
13217
13878
13742
14816
14483
14054
13864
14212
14932
14907
14251
13971
14908
14181
13789
14503
14134
14211
14634
14201
14640
15484
15313
15397
14661
15085
15132
15042
15214
28920
14664
15117
16473
15427
15536
15369
15454
15686
15439
15571
15366
15460
15433
15466
15656
15552
15476
15526
15499
15498
15460
15483
15620
15651
15496
15856
15689
15681
14832
13974
14738
15162
14162
14666
14529
14912
15423
13159
13383
14137
14132
14617
15108
14472
12861
12977
14814
15106
14258
15320
15112
14916
15109
14996
15114
15084
15065
15086
15162
14733
14988
15039
15110
14921
15058
15319
14587
13897
14942
14730
14784
15265
15184
15300
15108
15166
15388
15404
15100
15240
15232
14917
15329
15398
13825
16015
14516
14552
15434
15082
15245
15299
14072
15441
14047
14915
13675
14198
14531
14477
14027
14286
14392
14693
13683
14695
15486
14625
15758
15117
15533
15060
15812
15164
15915
15603
15520
15500
14173
15682
15501
15786
15392
15829
15380
15929
93879
16298
15352
16152
15456
16083
15705
15431
15580
15371
15925
15472
15948
15444
15784
15477
15704
15784
15602
15869
15754
15949
15401
14588
14789
14733
14332
14631
14410
14719
15192
15848
15129
15661
15045
14951
14784
14900
14979
15298
14006
14896
14794
14075
13050
14363
15135
13424
13681
13851
14253
15138
15040
13564
14879
15027
14410
27366
14878
16319
14981
15787
15980
15301
15578
16186
15607
15569
16080
15223
15443
14721
14893
15691
14707
14814
14816
15622
15480
15499
16098
15586
15511
15507
15704
16101
16043
15573
15647
16332
15694
16346
15374
15493
13136
14609
15326
15766
16119
15598
15315
15499
15389
15746
16935
16615
15636
13610
14883
13913
13544
13724
14031
13886
15055
14999
15315
15108
13466
12698
13943
14220
15364
15647
13883
13491
14656
13560
15732
14208
13970
14438
14894
14098
13627
14419
12983
13474
14249
14180
15697
13860
14377
13329
13050
13273
12844
12850
13325
14812
14261
14101
14123
14250
14891
14799
14058
14063
13961
14487
13602
13211
14432
16046
16115
13689
13039
14199
14783
13530
15961
16537
15246
14547
15319
16370
32418
16814
15764
14155
14089
15543
16247
14272
13666
14212
13962
15648
14410
17143
14520
15097
14873
14579
14514
14849
14721
14584
13242
13018
17574
13304
13553
14060
12929
13721
14322
13374
13380
15584
15405
15185
14441
14820
14474
14747
14445
14422
14293
491133
27050
18043
16540
16754
16381
16115
17012
16666
16666
16684
16669
16492
17353
16531
16884
16818
17203
16826
16883
15223
16029
17223
16903
17077
13724
13925
14097
13733
14079
14386
13365
14891
15006
16214
15081
14574
15386
13710
13635
13876
15137
15186
13999
14627
13724
14867
14166
15153
14352
14628
15178
15066
14169
15336
14941
13994
13645
13531
14729
16342
16764
14739
13376
16166
16472
15589
14729
14697
16791
15418
16145
17036
16639
15159
15835
16226
15355
16676
16893
16183
17044
16187
17229
16712
17005
17256
15095
15444
15313
15961
14114
15478
15654
15222
15078
15396
15542
16289
15575
15800
16836
15840
16866
16834
16500
17225
16570
16930
16876
14733
16692
16011
16478
17081
16196
17158
16737
17195
17083
16644
17480
16660
15260
16722
15876
16561
17018
16169
17103
16469
17217
16829
16925
17182
15483
14530
15519
15778
16160
14415
15786
15453
15595
15712
15437
15628
15720
15114
15102
15602
16864
16681
17167
16169
16149
16417
16583
16490
16679
16541
16025
16582
17160
17189
18675
17410
18662
18561
18468
17223
17252
17213
17381
17333
17355
17163
17211
17213
17290
17488
17469
17498
16760
17585
17699
15540
15895
14728
14612
15121
16249
14973
15435
14654
15937
15658
14894
15530
16084
16793
15787
15873
15700
16911
16830
16223
16151
15791
15890
16357
16104
16484
16053
17145
17335
17379
17336
16707
17249
16872
17161
17296
17231
17349
17440
17441
17529
17571
17572
17645
17391
17597
17393
17546
17561
17609
17488
17513
17388
17483
17433
17654
17675
17446
17865
17694
17080
16138
16570
16962
17877
15001
15243
15849
16826
16681
16936
16915
16612
16686
16820
16844
16874
16987
17066
16824
16843
16762
16661
16858
16707
16836
16439
16912
16806
15521
15950
16929
16346
17182
16052
16958
16828
16994
17240
16913
16727
17142
17095
16976
16769
16658
16798
16716
17414
21611
16498
17235
14815
16016
15282
16939
16304
17782
17161
17318
17227
17614
17108
17125
17722
17117
17135
17577
17140
17593
17745
17434
16528
17690
17547
17279
17507
17484
17503
17440
17564
17725
17568
17372
16907
17034
17180
17009
17007
17294
17052
16975
17182
17154
17207
17039
17223
15789
17059
16380
16851
16912
16818
16953
16138
36524
23900
14952
15529
16215
15196
16100
16963
16638
17079
17142
16813
17344
16518
16501
16985
17069
16673
17341
16741
16818
16579
17481
17660
17237
17401
17648
17505
17768
17494
17202
16982
16807
16895
17608
17453
17478
17142
17259
17446
18089
17457
17425
17251
17651
17646
18161
17495
17999
17724
17547
17336
17537
17670
17789
17740
17617
17214
17491
17652
17899
17503
17609
17587
31116
16055
15048
16698
15413
15614
15832
14971
15611
17432
15568
15790
17609
16200
16496
16038
16349
16568
16057
16942
18121
18011
17853
16787
17568
17702
17442
17477
17438
17143
18214
18144
18272
18238
18359
18293
18255
18177
18125
18200
18320
18415
18202
18095
18124
18303
18861
18704
19676
17296
16837
17643
18496
21253
18497
18957
16526
16550
15367
15281
16528
16293
15954
15407
15093
17947
17129
16531
17715
15411
16560
16148
16948
19454
17048
16482
16962
16823
15468
16390
16890
16341
16983
16133
16879
18392
16736
18295
17658
18272
15995
17574
16794
18676
19720
19069
18137
16194
17827
15617
56813
21312
16380
17740
15424
16618
17704
17484
16525
22342
18486
16192
17680
17075
19177
17075
17601
23760
18353
18311
17428
17654
16139
16380
17319
16846
16766
16527
17229
17413
18566
16851
27556
29196
15487
16705
18700
18661
18643
18476
18427
18620
29107
18225
18206
17880
18003
17924
18056
18254
18164
17684
18333
18263
16994
16249
16883
17242
18411
17847
15245
15958
16164
17109
17177
17291
17394
17453
17363
17109
17460
17423
17343
17347
17412
17332
17395
17085
17257
17509
17387
17240
17533
17169
16874
16427
15985
17287
16679
17459
17463
17161
17538
17272
17474
17511
17443
17647
17659
17534
17562
17010
16959
17173
17521
17510
17496
16567
17811
16332
16675
17231
16943
17163
16993
16881
16906
16982
17155
16972
17126
21994
17086
16952
16901
16874
18305
17552
17103
17192
17099
17067
17130
17100
17199
16992
17057
17098
17019
17045
17092
17368
18121
17669
17200
17256
17352
17309
17183
17215
17141
17079
17262
17240
17237
17142
17126
17025
18234
17782
17053
35363
17797
17140
17365
19231
17238
17138
17108
17214
17196
17286
17370
17344
16797
17921
17145
17269
17200
17262
17196
17444
17484
17372
17276
17242
17251
17271
17286
17272
18036
17826
17274
17289
17399
17160
17316
17311
17186
17278
17384
17183
17277
17262
17671
17386
18334
17637
17308
17311
17209
17275
17478
17531
17292
17337
17320
17322
17319
17335
17399
18285
18157
27029
27193
17299
17450
17449
17374
17366
17188
17410
17301
17363
17363
17480
17610
18590
17820
17540
17364
17500
17538
17389
17420
17424
17467
17321
17374
17434
17567
17614
18297
18294
17447
17283
17445
17524
17570
17474
17715
17524
17436
17403
17480
17525
17566
17418
18644
17921
17621
17500
17575
17532
17591
17432
17468
17784
17616
17626
17744
17511
17497
18438
18068
17599
17684
17636
17741
17637
17567
17577
17524
17649
17528
17538
17557
17530
18187
18372
17721
17670
17617
17658
17645
17597
17734
17650
17885
17609
17669
17521
17629
17801
18804
18046
17664
17715
17575
17759
17672
17760
17759
17609
17768
17728
17646
17777
36218
18851
17957
17657
17680
17718
17822
17722
17576
17724
17772
17831
17656
17862
17706
17485
18642
18279
17859
17746
17505
17818
17752
17777
17944
17747
17770
17694
17650
17657
17635
17821
18807
18184
17724
17758
17829
17781
17805
17811
17828
17743
17911
17688
17759
17911
17637
17389
17020
17536
17485
17519
18455
17846
17802
17914
17893
17976
17995
17997
17869
17978
18007
17762
17801
17883
17927
17977
17774
17977
17824
17864
17775
17948
18002
17931
17923
17890
17954
17893
17185
17827
16407
15589
17698
25778
16942
16928
16475
18634
17109
16796
19176
18525
18443
18579
18370
18443
18512
18508
18400
18534
18444
18285
18658
18533
18559
18064
19182
18606
18483
18477
18525
18580
18565
18505
18545
18585
18643
18452
18788
18518
18798
19051
18764
18643
18561
18591
18564
18558
18566
18594
18687
18593
18646
18533
18529
26437
18663
18652
18677
18743
18601
18712
18624
18605
18814
18642
18538
18720
18734
18891
19377
18767
18838
18584
18660
18617
18588
18734
18670
29377
18807
18577
18608
18583
18769
18617
18732
18782
18698
18553
18724
18840
18741
18712
18702
18620
18722
18762
18731
19519
18919
18828
18815
18678
18851
18814
18893
18655
18795
18851
18939
18835
18798
19150
19290
19020
18682
18865
18827
18705
18116
18829
18802
18893
18967
18756
18952
18513
18930
19248
18963
18985
18923
18926
18754
18863
19090
18861
18760
19128
18889
18859
18660
19326
19012
18919
18975
18871
18901
18898
18948
19262
18940
18777
19083
19039
18095
17698
17820
17312
18411
17541
17250
18705
18125
17873
17061
17773
16945
19552
17532
17950
18233
18817
18581
17287
18683
18304
18821
19579
19568
19690
19263
19711
19740
19586
19741
19034
19852
19524
20184
20119
20285
20522
20284
20253
20201
20244
20219
20466
20482
20191
20382
20417
20340
20455
20089
20494
20594
18394
19018
17550
18288
18285
18079
17955
18113
18199
18496
19624
18860
18570
19404
19997
19634
18335
19740
18049
18787
18654
19000
19003
18736
20365
20311
20106
20304
19675
19987
20001
19125
20127
20010
20407
20394
20464
20603
20624
20365
20340
20553
20513
20591
20503
20488
20462
20469
20495
20627
19796
21089
20923
18174
20853
17930
21911
21958
20831
18855
18302
18559
20946
18326
17415
18556
18667
19415
19283
18369
16958
19269
19333
19208
19743
19826
19990
19895
20062
19941
19903
20004
19506
19862
19664
19697
19862
20184
18667
18997
19559
19893
20284
19826
20034
19989
20096
20062
20397
19977
20159
20043
19375
19859
18655
19087
20157
20328
19966
18128
20227
18008
19181
17692
20115
18649
18815
18914
19100
18413
19042
19951
20382
19884
20147
19844
20656
20779
20222
20505
20367
19255
20434
20589
20356
20347
20456
20435
20288
20563
20618
20207
20533
20735
20296
20552
20965
20693
20205
20753
20669
20045
20383
20903
20554
20510
20861
20657
20404
19764
19765
19935
19267
20197
20520
20235
20387
20997
20163
19208
19534
17976
18028
31613
18574
19060
19460
18439
19828
20015
20259
20141
20881
20206
20166
27560
20124
20595
19951
20487
19513
20504
19968
20485
20316
20187
21284
20072
20260
20571
21194
20281
20517
20414
20939
20501
20274
20633
20620
21085
20520
20294
20453
21237
20332
18449
18647
19536
19919
19814
18110
19372
18039
18173
19837
20512
18531
19622
19580
19397
19331
19550
19579
18285
20845
20990
20910
19584
20584
20370
20176
20654
19782
20576
21230
21196
21398
21507
21452
21282
21291
21271
21417
21453
21344
21259
21235
21579
21567
21425
21296
21478
20255
19903
18588
19488
18738
19233
18068
19025
20414
19996
19597
20119
20665
20167
20169
19274
20007
20164
20152
20355
21392
21413
20730
21113
21060
21121
21020
21117
21521
21415
21621
21514
21791
21270
21381
21558
21733
21539
21394
21344
21590
21647
21544
21454
21975
21697
20313
19307
20200
20413
21170
18529
18663
19684
19904
20555
29874
20708
20472
20676
20818
20567
20756
20649
20939
20484
20511
20759
20818
20332
20590
19810
19419
20639
20362
20832
19932
20804
20629
20803
20655
20569
20870
20889
20838
19349
20504
20754
20697
18962
20491
18640
20000
18324
20300
20147
21251
20706
21312
21680
20741
21003
21267
20637
21269
21294
21338
21396
19985
21439
21441
21608
21575
21456
21193
21286
21270
21250
21383
21288
21669
21391
21257
21115
21457
21314
21413
21531
21574
21543
20344
21609
21078
21490
20063
18410
18817
19447
19954
19449
18462
18995
20863
18691
20430
21265
21252
20769
21260
21625
20901
20622
20926
21117
21484
21033
21250
20963
22178
21482
21667
22005
22237
22148
21279
20595
21469
21895
22527
21701
21437
21754
22325
22080
21895
21476
21842
22349
21930
22263
22148
21546
21121
21909
21671
22411
21882
21755
22132
21982
22373
22057
21491
20775
19048
19267
20605
20148
19173
21141
19406
20528
19821
19904
20216
20284
19643
19093
21393
21423
21449
20636
21609
21436
21430
20812
20945
21088
21870
22031
22149
22069
22186
21877
22055
21941
22147
22120
21942
22126
21885
31581
21427
21400
21443
21785
20052
19309
19171
19544
29164
19586
20587
21265
19965
20407
21406
21198
20055
21024
20708
21452
21584
21198
21925
22055
21856
22181
22332
21863
22291
21846
21948
22085
28071
22231
21949
22194
22188
22200
22256
22161
22300
22043
22126
22449
22365
22596
22447
21234
21602
21683
20389
21194
21704
19317
20311
20949
21172
19485
19059
21259
20650
21241
21454
21419
21363
21308
21392
21338
21721
21389
21268
21438
21586
21473
19927
21722
23871
21429
21454
21145
21606
21848
21635
21547
21539
21635
20560
21461
20674
21344
21687
21587
21760
20445
20341
19785
21097
20430
20495
20584
20367
21435
21165
32662
21495
21196
20956
21398
21669
21257
20209
21659
21483
21308
21251
21436
21580
21435
21044
21547
21726
21661
21132
21498
21211
21534
21627
21606
21069
21648
21686
21641
21257
21529
21741
20774
21206
21061
20789
21832
20940
22681
22176
20813
20805
20479
18811
18404
19619
20512
19748
20489
20824
21518
21147
21566
20994
21717
20901
21656
21024
21228
21395
21620
21039
21157
21989
21187
21244
21142
22256
21184
21270
20916
22251
20924
21285
19095
29044
21498
21445
23124
21549
21741
22123
23579
20688
20309
19692
20835
30798
20520
18649
20331
28471
21053
19898
17799
18326
19996
19808
19936
19798
20199
21814
19909
21968
20244
22127
20922
22203
19609
20710
19528
20571
20422
20077
19909
19213
21387
21758
21148
21231
21681
21430
21461
20790
21989
21862
22001
21953
21888
21991
22076
22030
22136
22006
31817
22665
22669
30509
23324
22280
20377
19624
21344
20659
22480
21222
21644
20851
20732
20769
21840
21171
23095
23014
22461
21912
22519
22082
22414
21461
22594
23109
22952
23202
23527
23101
23043
22969
23221
23490
23183
23036
23047
23243
23314
23260
22925
23090
22817
21037
19805
20204
20427
21604
19083
20161
21027
21870
21346
20911
22610
22412
20452
21262
21345
21787
21722
21039
22257
23159
23144
22355
22610
22621
22722
22581
22734
23086
23326
23602
23469
23191
23321
23117
23243
23434
23575
23260
23169
23392
23530
23483
23210
23492
22778
21269
21827
22482
21132
20476
20716
21597
22250
22469
22534
22155
22540
22448
22350
22162
22516
22242
22539
22142
22600
22239
22309
20947
21626
22182
22692
21828
22598
22338
22517
22443
22672
22415
22579
22444
21483
22328
22728
21822
22815
20456
20900
21667
21796
23015
22347
23067
31960
27628
22726
23123
22890
23172
23226
23744
22518
22983
23171
23084
23203
22977
23090
23128
23082
23190
23372
23109
23211
23108
23203
23130
23322
23163
23164
23103
23100
22997
22368
22956
23370
21730
20806
20215
21807
20879
22265
22650
23320
23113
22987
23168
22699
22876
23208
22939
23131
22852
22860
24011
23355
23628
23916
23880
23481
22632
23088
23216
24111
23824
23464
23666
23487
24216
23600
23390
23594
24056
23986
23885
24024
23786
23318
23276
24034
23815
23485
23709
23697
24266
23634
23444
22800
21162
20315
21347
21139
27170
20478
21935
21856
21871
21892
21525
21373
23262
23117
22557
23324
23160
23219
22837
22730
23162
23662
23752
23764
23823
23698
23557
23792
23822
23840
23954
23688
23645
23753
23675
23847
23254
24045
22762
21904
21223
21813
21732
22353
32076
21526
21424
22703
22473
21168
21693
21966
23238
21763
23174
23281
22834
23221
23449
22822
23301
23161
23122
23120
23415
23324
23118
23093
23385
23286
23167
23205
23110
23313
23281
23393
23260
23761
23174
22107
22658
21825
21721
22820
21323
21271
22290
22162
19717
21725
21796
22008
22276
22505
22449
22338
22413
22154
22461
22128
22524
22180
22175
21972
22179
22278
22648
21964
22873
22714
22757
22512
22544
22434
22639
22034
21553
22026
22871
22901
22211
21796
21313
22123
24339
22863
24366
25210
25411
22663
22598
22721
23002
23160
21341
30482
23471
23313
23282
23835
23713
32465
22715
23341
23262
23333
22856
22813
23330
23040
22998
22831
22929
22913
23047
22765
23152
23269
23385
23046
22852
23155
22031
23118
22240
22680
22705
23414
23181
22645
22048
22242
20479
21055
38110
30433
22395
22623
22502
22954
22903
22985
22967
23047
23251
22932
22519
23722
22542
22574
22794
23117
22843
22795
23258
22872
22843
22586
23928
22860
22599
22628
23892
22613
23088
22845
23156
21805
21324
21806
22204
21964
20375
22400
31037
22061
32805
20033
22676
20691
22327
22527
21069
22181
21535
21960
21887
21344
22345
23511
23441
22789
23358
23495
23453
23414
23137
23856
23931
23941
23842
23975
23716
23898
24026
23990
23972
24112
23964
23894
23981
23914
24068
23970
24073
27973
20933
31340
31928
21048
22987
22028
21622
21079
21319
21295
23643
23096
22598
21388
22869
22889
22599
22557
22680
22753
22768
22709
22375
22232
32626
23127
22830
22332
22164
23404
22910
27383
24277
23358
22421
21676
23585
23153
23339
23422
23514
23311
24661
23996
24850
33258
24792
24468
24738
24570
24762
24695
25077
24958
25008
24978
24891
24832
24774
24929
24822
24891
24749
25085
25034
24869
24443
25004
23252
21308
20741
22957
21310
23544
21502
23092
23532
22586
22655
22112
24226
24846
24650
24286
24687
24529
24325
24380
24825
24833
25030
25159
25094
25111
24866
25020
25107
24921
25058
25073
25103
25046
25117
24660
25442
25291
22279
21774
23260
21400
21834
21192
21609
22070
23095
23441
23892
23690
23543
23903
23736
23482
23621
23676
23595
23196
23098
23341
24496
23637
23170
21703
23420
23364
22766
22874
24853
24812
24433
24431
24795
24685
24503
24518
25270
25092
24953
25180
25434
24916
25095
25251
25197
25328
24984
25141
25151
25341
25245
25461
25337
25149
23104
23407
23707
23209
23954
25239
25192
41281
24986
24902
24689
24812
25141
25425
25342
25382
25281
25085
25207
25361
25413
25485
25242
25266
25195
25374
25470
25158
25469
25501
22383
23396
23282
24220
22083
21638
21932
23589
22774
22211
23501
23347
23427
24093
23062
23574
23442
23736
23680
23903
24184
24248
23975
24177
24401
24051
23871
24251
24303
24205
24018
24482
24278
24076
24007
24196
24484
24098
23542
24112
22344
23742
23413
23862
24582
24009
24077
23889
23931
23893
23612
23690
23947
24642
24355
24918
24730
23686
24454
24427
25064
24478
23350
25234
24541
23210
24542
22708
23672
24889
22622
24490
22949
24968
24735
25315
24437
24950
24414
25297
25382
25021
24270
24647
25587
25213
23897
25140
25379
25474
24386
25562
25499
24574
25320
25370
24944
24896
25079
25398
30726
24853
25301
25554
24836
25425
25270
24807
25630
25416
25778
25364
25242
25418
24860
25499
25629
25173
25338
25542
25209
25293
25274
25719
24858
25428
25464
24906
25652
25188
24697
24534
21940
24272
24191
24647
25148
23981
24962
24568
24992
24101
24534
24979
25088
23857
24708
24624
31895
22278
22297
22482
23052
24417
24155
24339
24549
24463
24385
24472
24524
24572
23994
20930
25456
28345
21693
23163
27961
24667
22035
26114
29209
28766
28672
27866
30134
25923
21708
24455
25212
30390
28737
29130
33057
27564
22478
24655
27080
27680
24309
25069
27879
23160
23184
27812
22592
27934
28010
30508
24838
26727
23987
24431
27327
24773
26358
25795
25192
26787
25542
26633
25769
27371
26195
70115
72727
28316
21599
21501
56751
41760
44696
35448
38397
35439
27620
23201
23500
35105
39147
21735
22013
22770
24008
22287
22713
22599
21438
22077
22307
21921
23007
23498
101541
22817
23204
107540
23046
23143
22641
22671
23483
23773
23181
23888
23297
23089
22363
23615
83222
23291
22612
23744
23495
25038
24958
24561
24782
24061
22925
22589
23482
22787
22629
23158
23116
22731
22206
21814
20495
20386
20420
20338
20556
20396
20408
20545
20417
20375
20429
20391
20588
20445
20397
20607
20427
20470
20461
20434
20523
20576
20470
20535
20487
20398
20428
20463
20589
20455
20514
20654
20628
20493
20638
20468
20612
20477
20623
20681
20489
20514
20576
20504
20715
20500
20527
20683
20572
39553
20573
20478
20627
20561
20535
20653
20512
20457
20545
20530
20632
20591
20550
20622
20580
20654
20564
20566
20703
20594
20582
20632
20660
20576
20547
20543
20686
20589
20606
20722
20659
20626
20580
20657
20724
20570
20666
20717
20653
20618
20613
20673
20726
20668
20673
20712
20691
20689
20670
20601
20784
20672
20684
20742
20668
20777
20775
20703
20760
20704
20654
20793
20680
20632
20681
20632
20842
20697
20681
20826
20709
20687
20647
20701
20761
20703
20716
20773
20735
20718
20715
20681
20803
20789
20674
20850
20808
21109
20796
20781
20917
20761
20797
20986
20950
20743
20792
20808
20948
20924
20977
21266
20900
20867
20895
20878
20964
20965
20744
20947
20827
20915
20768
20865
21043
20776
20910
21036
20905
20884
21077
20941
20983
20880
20866
20977
20851
20837
20835
20824
20956
20770
20823
21028
20962
20845
20861
20854
20991
20963
20914
21011
21011
20983
21309
21157
21170
21062
27121
23328
21015
20931
21019
21130
21073
21056
21059
20999
20940
20905
20965
21050
26486
21108
20892
21064
20981
20924
20891
21000
21018
21014
20962
21126
21028
20942
20946
21020
21076
21009
20951
21104
21021
21259
21065
21155
21204
21116
21055
21155
21416
21697
22906
22688
25026
22526
24807
23869
23058
21063
21031
21105
21161
20992
21040
21153
21037
20984
21053
21087
21176
21020
21013
21202
21090
21072
21052
21072
21160
21172
21115
21267
21096
21064
21093
21160
21182
21069
21138
21241
21081
21116
21235
21149
21299
21106
21085
21215
21118
21125
21143
21178
21226
21198
21133
21241
21209
21160
21193
21143
21332
21209
21149
21316
21163
21212
21231
21216
21313
21279
21190
21326
21212
21228
21207
21224
21400
21322
21176
21405
21240
21275
21223
21316
21340
21209
21184
21279
21225
21400
21292
21317
21433
21247
21290
21372
21248
21228
21235
21248
21366
21270
21327
21451
31586
21315
21244
21301
21401
21308
21261
21397
21302
21304
21272
21264
21449
21325
21354
21529
21332
21303
21513
21298
21426
21362
21294
21514
21296
21332
21313
21495
21497
21385
21293
21626
21400
21361
21304
21438
21518
21951
25117
22600
22295
22517
22466
22615
23752
24225
25072
26484
27169
26297
26570
26851
27263
27136
27413
26446
27134
25679
23237
22855
25487
23758
23456
25415
24761
25582
24701
24146
26066
26414
25037
27570
25126
27449
26095
27075
29366
26473
29562
28171
26583
23706
21942
24222
25644
22183
21556
21641
21557
21487
21582
21544
21610
21573
21517
21684
21637
21518
21490
21526
21649
21604
21518
21608
21598
21620
21647
21777
21691
21561
21569
21733
21563
21613
21562
21587
21673
21533
21531
21710
21663
21718
21638
21639
21826
21685
21576
21815
21724
21652
21629
21627
21691
21656
34379
21822
22289
23776
22591
23252
24663
24299
23743
23025
23532
21663
21651
21636
21793
21727
21764
21789
21709
21708
21697
21676
21812
21647
21655
21854
21680
21706
21679
21716
21817
21721
21796
21858
21771
21704
21711
21692
21892
21808
21666
21917
21748
21753
21792
21726
21885
21812
21713
21923
21784
21809
21746
21770
21883
21799
21787
21917
21776
21749
21822
21809
21925
21757
21862
22006
21849
21727
21831
21868
21915
21794
21833
25452
21859
21845
21849
21832
21956
21820
21830
21945
21892
21914
21865
21828
22001
21910
21824
22361
21982
21918
21827
21875
22032
21971
21878
22075
22038
21915
21915
21950
22037
21903
21919
22116
21979
21860
21949
21972
22027
21882
21958
22124
21921
21905
21918
22010
22136
21942
21919
22135
21977
21946
22033
21873
22068
22054
22007
22048
22054
22128
22020
22069
22258
22157
22270
22081
22015
22322
22178
34091
23629
24773
27648
23626
25863
27441
28079
32840
29586
23260
23889
24618
24525
26152
25314
27625
25372
26476
25816
26442
25898
84049
29243
28035
29391
30076
28850
28848
28122
26484
25451
25761
26885
25830
26283
25904
30067
29033
26256
28260
28462
26601
26263
26413
27154
27634
26556
29057
26912
26635
27294
29180
26773
26024
25793
26684
27052
28319
28498
28439
29175
26048
27024
28081
27969
27501
27366
27361
26219
26653
27108
28984
27321
28561
29670
28540
27842
28183
29048
28357
27330
25811
27537
27037
27738
28290
28645
28704
26410
28562
27089
24504
25614
26303
27733
27479
27968
26838
27586
28105
26400
27827
28702
26872
27216
28380
27151
38381
28981
26779
29145
28592
29457
29445
28504
28829
29390
29538
28541
29476
29412
27104
29245
30096
28841
29607
29177
29182
29544
29376
29170
29375
28667
29034
28448
29134
29111
29905
29403
29612
29610
29479
29191
29274
29256
29101
28914
27656
28883
28488
28746
28360
29636
28702
27588
46763
47832
30471
26355
27247
45882
37522
29756
27494
27703
26556
52420
26923
39287
35325
24914
25024
22457
22529
22475
22394
22607
22474
22487
22586
22482
22520
22510
22480
22578
22486
22472
22571
22587
22503
22467
22451
22631
22501
22503
22619
22497
22524
22542
22517
22627
22562
22526
22651
22716
22574
22530
22483
28500
29029
30885
24648
28420
26599
28123
33356
25150
25929
38410
23761
29291
23248
22557
22585
22706
22592
22538
22738
22647
22633
22593
22581
22750
22620
22599
22760
22644
22592
22624
22629
22699
22659
22592
22737
22619
22689
22629
22641
22768
22680
22628
22753
22627
22677
22730
22631
22760
22646
22619
22775
22644
22714
22691
22746
22892
24647
31669
27322
26227
32782
27775
27048
28500
26684
26293
24983
24416
24268
24636
24560
26035
25594
24842
24666
24981
24762
25302
25844
120839
26195
25644
26356
26346
26357
26437
26073
26072
25494
26781
88952
26059
25956
26273
26561
28406
27132
27358
27246
25488
25759
25482
25308
26208
25297
26224
24807
28853
22895
22889
22773
22970
22941
22832
22923
22852
22819
22825
22818
22968
22861
22929
23047
22855
22847
22856
22862
22991
36866
23172
22996
22892
22908
22934
22895
22979
22853
23000
23024
22934
23032
22906
22938
22992
22905
22910
23075
22922
22939
22966
23071
23119
23046
22953
23250
22967
22968
22905
22913
23080
23006
22990
23093
23102
22935
22971
23027
23063
22990
22953
23134
22973
22980
22993
23014
23120
23020
23030
23124
23027
22968
22957
23013
23212
23084
23100
23127
23113
23077
23006
22999
23163
23183
23181
23160
23331
23229
23111
23290
23209
23314
23214
23310
23071
23105
23084
23034
23200
23105
23154
23213
23125
23083
23093
23141
23229
23120
23124
23252
23087
23166
23126
23077
23346
23172
23301
23377
23148
23123
23157
23194
23298
23188
23149
23310
23297
23251
23184
23182
23289
23144
23143
23348
23177
23244
23173
23217
23334
23203
23230
23347
23203
23374
23290
23401
23415
23382
23329
23371
23263
23214
23308
23622
31076
23593
23360
23386
23278
23292
23267
23220
23347
23316
23270
23419
23279
23299
23265
23277
23466
23241
23271
23426
23283
23255
23323
23310
23425
23368
23329
23390
23257
23394
23320
23287
23467
23393
23478
23465
23352
23414
23462
23450
23464
23400
23426
23539
23263
23365
23329
23344
23507
23371
23350
23474
23376
23403
23374
23333
23460
23407
23426
23616
23381
23422
23503
23406
23592
23500
23409
23600
23578
23417
23433
23499
23536
23413
23421
23560
23461
23431
23409
23430
23615
23460
23474
23566
23482
23454
23437
23398
23649
23506
23535
23756
23640
23630
57748
25056
26903
23519
23529
23722
23624
23604
23692
23614
23757
25057
24799
24712
25808
26938
26337
24423
27316
23526
23498
23675
23523
23502
23548
23513
23598
23614
23558
23663
23597
23681
23605
23514
23826
23648
35209
23868
23658
23601
23636
23633
23672
23554
23557
23715
23532
23566
23597
23570
26900
23603
23631
23718
23683
23608
23659
23675
23764
23649
23641
23752
23640
23570
23635
23733
23736
23719
23630
23885
23699
23662
23656
23649
23770
23663
23709
23795
23745
23673
23674
23641
23900
23741
23743
23969
23694
23681
23694
23710
23868
23800
23815
23859
23772
23814
23780
23875
24001
23840
24025
23964
23866
23855
23782
23899
23927
23922
23860
23897
23742
23819
24038
23825
23947
23763
23800
24019
23754
23781
23808
23873
23889
23779
23922
23977
23827
23821
24141
23901
23970
23783
23850
23893
23804
23830
23836
23867
24018
23870
23807
24017
23858
23904
23870
24230
24088
24028
24099
24056
23969
23887
23886
23875
23953
23888
23907
23976
24026
24153
24030
23913
24024
23960
23858
24122
23910
31495
24090
23924
24032
23886
23977
24103
23942
23963
24036
23929
24124
24145
23950
24190
23975
23940
23962
23892
24138
23949
23954
24145
23953
23926
24174
23959
24167
24035
23985
24081
24861
26699
25316
24104
25335
24142
24062
24136
24015
24057
24007
23985
24124
24037
24049
24180
24075
24063
24008
24043
24138
24044
24100
24212
24041
24080
24110
24086
24201
24073
24012
24168
24065
24136
24030
24167
24259
24080
24191
24226
24116
24072
24133
24180
24424
24204
24149
24291
24193
24077
24135
24087
24388
24127
24147
24279
24159
24121
24121
24216
24728
24260
24533
24640
24629
24194
24195
24170
24290
24163
24141
24327
24183
24205
24336
24159
24502
24237
24228
24334
24205
24240
24151
24287
24362
24187
24251
24329
24319
24236
24227
24235
24414
24296
24379
24460
24408
24479
24292
36827
24512
24252
24303
24355
24276
24293
24448
24465
24416
24522
24566
24385
24322
24457
24467
24286
24415
24335
24297
24413
24434
24360
24285
24300
24438
24299
24283
24527
24332
24333
24336
24368
24476
24357
24358
24523
24398
24334
24496
24492
24604
24347
24347
24505
24391
24517
24346
24446
24550
24563
24456
24434
24358
24400
24382
24391
24563
24392
24357
24525
24353
24522
24428
24453
24552
24451
24437
24521
24408
24386
24383
24488
24509
24462
24490
24808
24439
24632
24507
24525
29796
26289
26901
27321
30756
29271
29436
27144
37026
38995
28499
35516
25858
27443
26683
26976
28027
27662
29803
29611
30982
29710
28868
30274
31422
30548
27129
26540
27114
28887
29810
30355
29765
30738
29074
30034
29995
42109
29071
28192
27534
37314
29929
28912
28985
26569
27011
26628
27362
29043
27025
26286
30029
32652
27824
27026
27921
28145
29013
28131
27085
27885
27556
29478
27851
27892
26722
27380
28460
27569
26798
28054
27815
27323
29473
30384
30676
27461
27538
28563
29440
30109
29345
26441
28989
27848
26898
28865
28745
25558
26852
26940
27815
27487
28005
28254
28506
28772
27554
29286
27170
27557
29982
29019
27237
28926
27792
26760
27545
28330
28008
27926
28818
28727
29406
27509
26676
111002
28002
26665
29108
29502
29594
29325
29341
29530
29736
29340
29720
29723
29662
28864
29181
38809
28249
27077
28004
28903
27204
28889
27589
28389
29608
28894
30854
30562
28841
30878
29151
29032
31328
28799
29003
27902
26329
28170
29131
30005
28858
26684
27836
26329
28722
27453
28137
27968
29283
28842
27714
28141
29292
27924
27811
28027
27389
29274
28118
29247
30299
29305
30980
30136
30396
30040
30115
31072
29417
28806
27191
29215
28754
28365
28006
28225
28267
27912
28269
28831
30053
27844
28093
28246
27928
28684
28956
29796
29457
31050
31250
29142
30979
30622
29434
29708
29088
27410
27787
29303
27298
28583
27755
28104
28608
28502
28357
29419
29688
27777
27849
28607
29296
28686
29929
30391
30873
31840
43966
30626
29417
30173
30436
85716
29243
28348
28650
28216
27776
28041
28310
28354
29318
30166
28141
28337
28322
29210
28202
28792
30265
29243
31619
31057
30136
30529
30076
31472
29310
28700
27218
28848
29050
28063
27788
28604
28029
28338
29105
28884
29108
29352
28245
27476
27588
27993
29348
28147
29762
30627
28635
31550
30494
30691
30335
30115
31296
30339
28501
28091
29755
27848
28192
29673
29009
28594
28605
30769
29329
28698
28530
28938
28996
29053
30732
29806
31430
30786
31147
30400
30460
30945
29992
28186
28329
30325
28121
28690
29358
29023
28578
29079
30576
29344
28245
28388
29204
28797
29157
31126
30799
31435
29974
31451
30647
30666
29463
29210
29498
29944
27209
28101
30173
31521
33451
27730
29008
30181
27958
28546
29106
30290
28539
29879
29391
28685
28383
28340
29285
29139
30158
30604
31792
32008
30192
31616
30893
31744
30119
29204
28598
30366
28344
28714
29287
29329
28646
29002
31080
29396
28470
28282
27827
28205
28675
30264
29568
29561
32611
29766
30350
30081
31537
29835
30323
30550
30617
30112
30382
30131
30519
31193
30607
31297
29021
27842
28709
37875
32805
26952
29750
30036
28829
27716
30155
26844
27842
32628
29883
28977
29384
903347
41072
29826
40612
41430
37045
33997
28050
28662
26972
27088
26477
27759
30274
33376
29866
33688
27433
29356
29897
27906
27696
28448
30509
29584
28066
29063
26553
26970
28786
31224
65627
68022
65078
50900
34603
34799
37784
27872
29433
30926
30043
28461
247321
64964
28589
28528
28763
29502
29682
30255
29272
27925
31614
29208
30681
30563
28664
27911
27607
28858
28147
30373
28223
30870
29075
30442
30363
30793
27957
30316
31253
28088
29774
28599
29961
30239
29896
29352
29203
29351
30056
29754
29803
29981
28914
29439
29673
97465
28893
28552
30015
30256
29026
32300
33950
32792
31230
33321
33457
31285
30380
28447
30881
29675
29476
29447
33476
32068
30364
33702
31699
32337
34534
32507
34384
34021
33396
33957
32069
30689
29635
29875
32935
31543
32973
31487
28469
30552
32756
32973
27323
27085
26882
26602
26196
26440
26195
27237
26331
26712
26233
26503
26014
26317
26677
26327
26475
27409
26121
26125
26572
26201
26199
26386
52786
34857
27341
27466
26187
26227
26051
26074
26093
26011
26201
26126
26063
26208
26073
27625
30370
28096
29643
28031
27911
29237
28340
27350
27830
29025
28407
28630
30657
29838
67542
50850
29952
29382
27461
28196
28733
30068
28645
29748
28625
29901
27606
29232
29270
28762
29901
28169
30676
27187
28393
27924
29259
30626
29762
33464
30440
29034
30930
30798
28308
29343
32183
29756
29547
32924
29809
32345
34425
38168
27978
29477
38062
34789
38861
28964
34244
31265
35661
30483
34181
35695
36319
40428
35990
31567
