6375
7806
6945
7103
7479
6573
6793
5565
6813
6385
6588
6324
7322
6439
7309
5598
5655
5560
5588
5563
5613
5502
5555
5531
5545
5474
5570
5475
5495
5435
5502
5458
5440
5445
5463
5430
5565
5464
5542
5408
5440
5415
5412
5390
5470
5412
5465
5420
5377
5357
5362
7018
6031
6868
5430
5317
5384
5280
5345
5279
5320
5527
6865
5966
5297
5260
5255
5239
5265
5425
5315
5322
5252
5186
5310
5254
5225
5458
5242
5169
5240
5180
5201
5164
5187
5184
5304
5156
5166
5219
5166
5121
5262
5101
5167
5235
5149
5141
5107
5087
5191
5051
5099
5021
5054
5059
5081
5076
5222
5042
5232
5229
5112
5117
5067
5086
5064
4964
5104
4936
4958
4924
4994
5039
5027
4966
5052
4926
5079
4926
4946
4901
4934
4881
4974
4866
4904
4868
4904
4858
4888
4836
4906
4838
4861
4934
4869
4833
4845
4887
4861
4794
4919
4785
5024
4806
4926
5272
4838
5121
5851
5800
6327
4823
4788
4766
4795
4705
4828
4796
4798
4789
4813
4821
4746
4671
4949
4696
4711
4718
4688
4648
4683
4839
4931
4929
4743
4899
4645
4606
4748
4572
4594
4580
4695
4548
4678
17991
5796
4713
4556
4555
4553
4585
4656
4510
4571
4505
4520
4518
4470
4583
4497
4447
4526
4480
4490
4607
4465
4483
4490
4473
4671
4450
4435
4488
4543
4383
4550
4375
4565
4353
4423
4355
4410
4372
4530
4546
4431
4405
4348
4292
4340
4297
4335
4284
4357
4295
4325
4265
4360
4244
4313
4244
4460
4666
4666
4398
4558
4315
4826
4453
4323
4197
4365
4267
4337
4257
4302
4300
4240
4202
4173
4187
4149
4257
4267
4475
4397
4330
4233
4140
4167
4149
4185
4140
4380
4380
4085
4244
4089
4099
4192
4202
4129
4144
4037
4067
4032
4082
4057
4009
4077
4162
4004
4042
4081
4084
4022
4072
4180
3946
4370
4194
3941
3970
3939
3951
3984
3962
4002
3919
3911
3999
3889
4009
3929
3874
3871
3831
3862
3834
3863
3806
3913
3821
3759
3904
3811
3934
3858
3979
3944
3829
3781
3884
3763
3778
3874
3877
3889
3836
3716
4064
3718
3839
3999
3695
3853
3714
3663
3768
3691
3654
3821
3631
3696
3838
3728
3822
3831
3696
3796
3996
4153
3733
3623
3921
3566
3720
4127
4114
3619
3784
3896
3834
3908
4162
3954
3536
4004
3623
3531
3613
3651
3808
3545
3601
3620
3460
3569
3831
3691
3778
3758
3518
3595
3618
3648
3688
3488
3729
3423
3370
3796
3380
3578
3373
3455
3391
3481
3887
3721
3421
3367
3515
3335
3388
3325
3441
3352
3290
3315
3370
3393
4190
4220
3733
4442
4264
3375
3300
3293
3235
3338
3202
3393
3185
3269
3164
3310
3162
3175
3275
3212
3202
3148
3124
3152
3125
3160
3105
3162
3117
3180
3087
3115
3072
3069
3085
3204
3097
3070
3064
3067
3024
3055
3011
3147
3127
3129
3145
3024
3022
3114
3077
3210
3155
2969
3002
2952
3011
3035
2986
3011
3000
2931
3034
2912
3070
2927
2882
2942
3075
3010
3195
3110
3009
2982
3235
3105
2861
2952
2972
3107
2921
2841
2809
2947
2859
2929
3203
2954
2786
2828
2764
2819
2865
2886
2791
2799
2721
2962
2709
2786
2784
2744
2724
2939
2736
2826
2686
3014
2754
2694
2654
2926
2666
2762
2729
2693
2821
2699
2753
2636
2738
2636
2834
2974
2693
2669
2548
2629
2556
2561
2604
2806
2639
2659
2526
2540
2571
3177
2608
2558
2601
2518
2480
2496
2668
2501
2453
2514
2438
2491
2433
2584
2641
2551
2741
2484
2440
2445
2388
2418
2378
2413
2368
2426
2350
2585
2521
2488
2315
2378
2333
2488
2332
2345
2350
2338
2386
2361
2300
2556
2288
2393
2323
2393
2252
2342
2275
2443
2355
2258
2262
2328
2415
2461
2203
2235
2229
2436
2351
2220
2836
2346
2395
2280
2153
2834
2348
2238
2182
2260
2115
2165
2092
2132
2107
2097
2124
2167
2107
2135
2082
2079
2054
2125
2033
2255
2020
2075
2017
2030
2072
2165
2025
2039
2235
2867
2010
1995
2073
2303
2150
1980
1972
2466
2178
2276
1912
2444
3152
2543
2107
2418
2123
2313
2050
2320
2571
2207
2303
2746
2421
2611
2436
2914
2340
2668
2816
2944
2666
2574
2271
2195
2084
2175
2351
2167
2100
2045
2150
2578
2338
2312
1944
2178
1941
2275
1880
2105
2143
2115
2448
3203
2225
2275
2486
2413
2175
2684
2343
2347
2403
2340
2215
2496
2338
1877
2433
2243
2834
2050
2077
2318
1989
2007
1997
2325
2077
1831
2069
2072
1924
1766
1804
1922
1849
1884
1822
2225
1644
1699
1859
1844
1551
1637
1576
1626
1834
1816
2192
16841
1726
1651
1503
1471
1406
1466
1414
1446
1358
1423
1365
1421
1343
1423
1311
1379
1353
1331
1361
1393
1295
1341
1285
1378
1310
1295
1315
1330
1303
1323
1275
1300
1303
1268
1255
1258
1233
1245
1220
1421
1208
1221
1246
1255
1371
1618
1190
1213
1211
1185
1168
1203
1117
1150
1120
1185
1128
1123
1118
1105
1081
1108
1080
1113
1110
1097
1208
1070
1037
1055
1022
1068
1039
1060
1172
1027
988
1002
977
1035
998
1107
980
985
955
977
937
1013
997
930
957
1038
922
929
909
939
917
897
900
1000
859
874
860
892
870
865
862
837
862
827
1145
850
852
839
827
802
799
1135
777
830
797
777
777
817
719
754
726
889
739
736
732
766
679
719
682
935
684
694
722
689
671
664
631
692
637
649
642
637
744
629
609
970
603
601
579
591
579
584
556
597
561
556
526
845
541
531
497
859
536
522
509
547
496
526
524
511
479
476
1030
458
453
664
441
1494
572
426
436
411
456
409
395
426
401
594
391
461
416
664
343
792
438
314
344
323
286
271
276
508
306
255
235
479
291
246
226
261
241
218
203
240
206
217
207
170
172
160
