3255
1511
641
533
550
586
662
1660
533
638
646
718
738
686
899
678
586
586
846
910
745
882
2282
882
598
506
1238
754
618
526
662
1348
2554
1308
1075
770
853
1038
1022
817
1002
785
894
842
791
877
1141
1022
989
851
902
1070
825
863
1158
910
1118
927
1384
1207
926
945
1091
1296
1259
1023
1267
1202
1003
1336
1050
1380
1183
1011
1234
1216
1094
1118
1175
1507
1190
1250
1374
1348
1194
1138
1340
1339
1359
1388
1380
1234
1335
1251
1315
1331
1390
1350
1452
1416
1468
1411
1384
1455
1572
1455
1608
1395
1515
1395
1547
1488
1532
1528
1532
1500
1543
1555
1612
1618
1692
1653
1724
1628
1677
1648
1648
1716
1753
1688
1701
1751
1716
1724
1791
1732
1779
1713
1760
1869
1865
1760
1772
1820
1821
1912
1937
1852
1864
1848
2148
2100
2346
2542
2461
2273
2397
2258
2525
2815
2261
2557
2334
3367
2330
2294
2650
2470
2694
2453
2310
2454
2722
2493
2453
2746
2262
3022
2682
2918
2867
2486
2663
2618
2838
2926
3119
3786
2931
2623
2861
2722
3581
3139
2977
3017
4763
3247
3319
3030
2933
2822
3361
3363
3212
3047
2922
2914
2819
3030
2886
3228
2907
2874
2819
2819
3387
3224
3138
3308
3364
3155
2775
3403
3448
3448
3368
3672
3572
2994
3616
3167
3800
3657
3601
3380
3509
3158
3524
3524
3982
3327
3015
3035
3227
3192
3138
3296
3589
3472
4086
3741
3828
3431
4230
3592
3680
3444
5100
6543
6049
5733
6182
5400
6065
6587
5893
6030
6607
5741
4463
7622
3588
3625
3642
3780
3399
3284
3619
3480
4049
3429
4013
3905
3837
3617
3676
3808
3697
3821
3737
3728
4022
3980
4125
3889
4262
3877
4142
3940
3960
4214
3990
4422
4245
4522
4443
4374
4505
4454
4174
4526
4855
3793
4226
4100
4064
4294
4117
3908
7261
7060
6855
6595
6710
7188
7113
5520
4338
4534
3914
4321
4583
4405
4126
6054
4362
4334
4241
4414
4241
4329
4598
4798
4606
4269
4940
7725
8394
8347
8744
8712
4627
4422
4604
4437
4402
6583
3825
3969
4005
3893
3969
4028
3973
3998
3900
4069
4237
3973
4197
4069
4026
3977
4013
4054
4189
4315
4157
4077
4184
4150
4098
4197
4370
4273
4245
4330
4106
4163
4173
4269
4474
4241
4233
4241
4241
4193
4133
4389
4298
4246
4382
4422
4370
4282
4418
4474
4438
4595
4482
4414
4446
4410
4394
4434
4739
4434
4495
4434
4446
4494
4419
4614
4670
4499
4583
4534
4510
4602
4534
5003
4646
4553
4691
4802
4582
4530
4550
4731
4726
4771
4735
4663
4727
4639
4815
4745
4906
4803
4847
4870
4832
4691
4891
4935
4846
4908
4832
4903
4863
4787
5044
5132
5155
4946
5168
5076
5195
5337
4927
5296
4996
4951
4967
5252
5112
4972
5187
5164
5180
5112
5349
5195
5152
5044
5180
5425
5366
5231
5308
5207
5978
5103
5096
5332
5368
5392
5313
5389
5187
5144
5216
5280
5237
5348
5360
5524
5448
5279
5401
5424
5432
5416
5464
5433
5581
5404
5319
5509
5761
5792
5516
5693
5528
5637
5442
5773
5652
5536
5857
5680
5469
5644
5469
5689
5621
5969
5704
6366
5873
5572
5701
5881
6005
5722
5653
5661
5666
5910
5669
6334
5925
6089
5874
5978
5878
5721
5718
5858
5886
6126
6339
6406
5845
5809
5865
5914
5963
5902
6001
5961
6047
6106
5910
6018
6294
6005
6001
6121
6066
6043
5989
6134
7071
7184
6596
6126
6234
6018
6130
6307
6366
6134
6142
6244
6170
6122
6234
6189
6410
6214
6345
6411
6229
6191
6307
6466
7651
8238
11875
6683
6279
6298
6480
6474
6794
6408
6635
6430
6362
6327
6359
6543
6571
6434
6672
6467
6450
6427
6505
6478
6739
6680
6828
6600
6571
6864
6522
6763
6676
6851
6642
6707
6751
7033
6600
6651
6732
6695
6820
6999
6763
6731
6759
6796
6984
6936
6935
7293
7016
7153
7104
6904
7260
7821
7048
7204
6811
7117
6840
7320
7076
7064
7048
7324
6955
6912
7064
7373
7269
7096
7240
7256
7041
7506
7305
7147
7353
7942
7269
7048
7196
7088
7147
7236
7305
7185
7284
7144
7389
7321
7398
7261
7729
7396
7425
7750
7638
7638
7205
7505
7305
7341
7397
7385
7320
7268
7658
7634
7438
7842
7618
7802
7630
7733
7521
7513
7476
7826
7546
7484
7613
7798
8374
7843
7953
7625
7653
7866
7485
7702
7637
7634
7581
7605
7938
7833
7818
7596
7592
7797
7721
7678
9421
29600
9558
8375
30141
9000
8961
9076
8773
9089
11173
11338
10972
11333
11498
11168
9966
8904
8404
8976
9742
8824
9489
9309
9241
11105
11076
10647
10435
10708
11426
9866
9462
9862
11453
10966
9775
11466
11462
8716
10472
9852
8488
8964
9325
10604
8319
8119
8664
9526
10207
9521
10038
8408
8884
9942
8856
9274
9818
8755
8543
9441
9829
8876
8592
9213
9217
8495
9322
8611
9525
7487
7380
7406
7544
7624
19452
7374
7438
7596
7797
7548
7476
8091
8109
8572
8439
8569
8736
8593
8855
8883
8529
8609
9060
8870
8719
8684
8820
8446
8229
8222
7842
8071
8011
7427
7073
7654
8216
8360
8881
7827
8817
9038
8393
8282
8196
9399
9557
8923
9100
9362
9082
9461
9398
9472
9341
8306
8145
8168
8503
7443
7621
8599
7889
8133
8967
9374
9632
9341
9726
9670
9719
9446
8372
8907
9381
9270
9329
9972
9435
9187
8471
8642
7623
7905
8607
8796
9064
8937
8399
8383
8780
8262
8379
8689
8435
8689
8483
8764
8563
8526
8954
8652
8579
9241
8430
8212
22465
10467
10293
12538
10610
10197
10884
11574
10584
9618
10153
11014
12252
11148
10274
8413
8951
9277
10132
7952
7938
7923
8330
7927
7868
8005
7921
9218
8126
8281
7995
8361
8044
8034
8242
7981
8266
8479
8121
8115
8154
8112
8030
8115
8236
8125
8055
8229
8135
8073
8088
8225
8187
8149
8238
8186
8125
8149
8102
8196
8215
8199
8193
8191
8226
8188
8201
8339
8310
8286
8343
8272
8401
8296
8329
8325
8379
8302
8390
8354
8255
8376
8295
8463
8409
8329
8509
8447
8491
8449
8372
8520
8576
8455
8579
8616
8483
8492
8423
8503
8500
8483
8591
8626
8613
8492
8506
8565
8639
8572
8590
8750
8606
8613
8536
8630
8769
8674
8681
8707
8665
8644
23670
10501
21660
8690
8719
8720
8686
8697
8717
8970
8809
8740
8756
8897
8820
8766
8806
8870
8866
8756
8909
8915
8874
8803
8908
8927
8951
8827
8977
8957
8882
8940
8897
9017
9020
8918
8980
9021
9042
8995
8908
17501
9177
8992
9066
9097
9086
8987
9043
9144
9124
9077
9078
9181
9258
9118
9117
9705
9184
9148
9214
9261
9207
9115
9064
9233
9279
9221
9245
9368
9232
9174
9240
9341
9308
9308
9371
9476
9334
9255
9280
9397
9384
9298
9421
9482
9324
9308
9384
9389
9512
9292
9469
9365
10197
10397
9692
10880
10167
10376
10795
9619
9475
9545
9455
9592
9585
9441
9598
9535
9468
9477
9574
9659
9612
9599
9708
9596
9606
9618
9601
9713
9732
9639
9712
9679
9651
9665
9735
9775
9739
9658
9829
9706
9725
9706
9672
9868
9723
9768
9960
9826
9769
9803
9752
9835
9946
9862
9956
9892
9876
9889
9832
10000
10047
9842
9969
10042
9896
10013
9887
9957
10133
9965
9953
10082
10034
10019
9925
10079
10995
11860
12094
11208
10089
10070
10086
10175
10106
10137
10164
10233
10112
10129
10153
10159
10199
10123
10227
10176
10110
10110
10143
10248
10284
10204
10293
10269
10218
10263
10244
10326
10392
10324
10357
10359
10277
10300
10300
10297
10403
10355
10423
10343
10443
10406
10317
10460
10387
10463
10460
10587
10404
10400
10424
10555
10544
10533
10534
10531
10625
10537
10446
10614
10729
22188
11690
10657
10528
10604
10508
10668
10675
10664
10665
10712
10668
10578
10681
10604
10731
10644
10667
10701
10651
10675
10661
10835
10807
10844
10828
10727
10714
10725
10755
10852
10807
10730
10841
10882
10809
10779
10774
10885
10893
10818
10888
10846
10933
10825
10889
10915
10981
10885
11030
10988
11009
10869
10908
10996
11189
10971
11006
11123
11041
11032
11015
11079
11219
11128
11105
11016
11065
11029
11149
11149
11142
11122
11206
11149
11166
11121
11142
11286
11180
11199
11262
11179
11192
11202
11198
11319
11319
11262
11339
11309
11326
11238
11186
11346
11398
11311
11413
11396
11288
11452
11295
11408
11488
11352
11494
11437
11379
11410
11405
11480
11455
11412
11520
11466
11429
11379
11466
11576
11666
11510
11543
11656
11574
11475
11550
11630
11633
11517
11634
11706
11604
11583
11576
11667
11691
11693
11700
11667
11757
11610
11609
11770
11724
11783
16117
11846
11649
11681
11707
11787
11733
11691
11853
11791
11767
11754
11783
11805
11864
11798
11883
11841
11864
11820
11801
11878
11931
11820
11897
12020
11870
11893
11877
11951
12017
11937
11994
11921
12038
11910
11973
12050
12047
12001
12074
12108
12047
11944
11961
12021
12074
11996
12093
12104
12057
12118
12095
12191
12084
12151
12184
12153
12244
12064
12147
12188
12241
12158
12279
12235
12152
12188
12151
12308
12318
12239
12173
10446
10352
10389
10376
10410
10443
10442
10518
10453
10432
10419
10381
10441
10528
10565
10514
10558
10498
10463
10482
10487
10522
10518
10603
10565
10561
10535
10532
10632
10597
10565
10654
10581
10654
10642
10633
10671
10667
10678
10731
10690
10722
10696
10718
10680
10730
10698
10707
10701
10704
10694
10673
10768
10739
10801
10810
10742
10718
10755
10757
10841
10832
10781
10808
10779
10782
10828
10794
10886
10861
10814
10873
10870
10965
10828
11084
10912
10924
10985
10961
10908
10907
10975
10908
11031
10990
10985
11311
10972
11039
10931
11065
11079
11032
11046
11100
11028
11206
11003
11048
11108
11033
11077
11100
11025
11017
11068
11108
11140
11129
11234
11134
11154
11177
11108
11213
11161
11134
11199
11208
11159
11196
11183
11159
11263
11226
11197
11258
11240
11258
11209
11220
11273
11773
11277
11295
11306
11294
11257
11320
11527
11335
11354
11371
11669
11375
11343
11358
11429
11441
11433
11383
11426
11429
11443
11429
11482
11439
11450
11446
11581
11466
11451
11431
11552
11466
11541
11506
11632
11495
11464
11495
11567
11623
11564
11578
11624
11512
11541
11575
11661
11600
11677
11661
11637
11607
11552
11636
11678
11646
11627
11715
11672
11664
11678
11672
11723
11773
11677
11739
11710
11683
11637
11769
11727
11781
11758
11779
11813
11775
11764
11787
11842
11854
11793
11888
11846
11884
11816
11907
11912
11855
11981
12037
12167
12050
21326
13270
12033
11969
11864
11922
11912
11953
11885
11884
12019
11915
12036
11971
12049
11993
12024
11979
12043
12071
12040
12140
12044
12078
12042
12030
12132
12092
12012
12182
12137
12102
12044
12062
12153
12102
12118
12245
12161
12099
12090
12099
15091
12253
12223
12222
12244
12131
12202
12127
12311
12361
12227
12345
12330
12249
12199
12211
12351
12343
12330
12386
12308
12332
12263
12308
12394
12444
12365
12378
12471
12328
12322
12391
12402
12374
12374
12442
12444
12383
12353
12423
12397
12474
12406
12524
12415
12469
12410
12420
12562
12514
12480
12591
12551
12543
12485
12562
12536
12560
12600
12575
12583
12621
12530
12580
12602
12669
12595
12663
12640
12749
12536
12588
12677
12651
12711
12675
12756
12754
12648
12623
12731
12768
12666
12711
12752
12800
12760
12677
12810
12807
12724
12838
12781
12829
12784
12810
12842
12809
12843
12848
12907
12909
12829
12854
12909
12896
12877
12926
12901
12887
12856
12898
12912
12984
12864
12955
13142
13076
12915
12979
12973
13058
12960
12992
13061
13035
12982
13016
13051
13024
13044
13121
13070
13121
13076
13000
13073
13093
13199
13168
13161
13119
13080
13102
13139
13209
13179
13188
13281
13187
13179
13137
13250
13318
13174
13273
13288
13238
13262
13299
13344
13265
13236
13293
13369
13270
13287
17795
13417
13372
13345
13350
13332
13345
13351
13305
13350
13482
13414
13440
13382
13412
13414
13345
13408
13450
13425
13417
13460
13468
13335
13405
13454
13570
13468
13548
13610
13461
13428
13494
13578
13522
13519
13625
13548
13529
13559
13511
13610
13694
13639
13724
13634
13566
13650
13582
13686
13657
13649
13689
13671
13620
13617
13626
13706
13808
13651
13733
13754
13645
13634
13642
13754
13813
13797
13774
13829
13783
13800
13748
13835
13810
13791
13885
13842
13871
13735
13834
13892
13997
13863
14219
13975
15087
15056
15142
15978
15771
14783
13952
14021
13949
13903
13989
13966
13914
14075
14035
14029
14005
14007
14003
14046
14063
14064
14132
14112
13981
13997
13978
14093
14074
14106
14097
14115
14032
14009
14045
14206
14112
14093
14225
14178
14158
14072
14121
14227
14173
14174
14226
14140
14239
14155
14189
14235
14190
14141
14275
14238
14235
14251
14224
14304
14347
14254
14304
14332
14258
14305
14302
14356
14325
14307
14327
14348
14369
14345
14327
14367
14497
14350
14470
14367
14470
14436
14379
14446
14475
14441
14432
14496
14441
14439
14467
17373
14484
14472
14461
14564
14491
14490
14490
14551
14551
14542
14613
14633
14553
35360
15625
13571
13625
13537
13614
13626
13560
13571
13611
13649
13651
13608
13631
13671
13574
13582
13606
13634
13726
13659
13708
13700
13688
13654
13648
13704
13769
13760
13731
13740
13697
13728
13737
13786
13789
13705
13843
13866
13808
13765
13774
13849
13814
13794
13822
13866
13897
13811
13782
13874
13871
13944
13948
13924
13881
13831
13929
14000
13868
13912
13992
13901
13917
13954
13949
14058
14066
14044
14040
14052
13949
13966
13978
14029
14075
13992
14009
14109
14092
13975
14037
14034
14453
14046
14172
14036
14099
14097
14094
14115
14168
14482
16887
15759
14140
14152
14075
14146
14192
14138
14222
14213
14192
14138
14178
14222
14233
14255
14232
14224
14224
14183
14174
14295
14341
14238
14381
14284
14276
14215
14298
14393
14283
14373
14330
14369
14258
14344
14310
14430
14352
14352
14353
14358
14438
14350
14421
14413
14410
14349
14413
14518
14459
14459
14453
14464
14487
14436
14527
14496
14510
14516
14493
14490
14504
14468
14478
14616
14513
14490
14513
14573
14593
14590
14590
14567
14553
14548
14544
14593
14562
14648
14651
14650
14667
14562
14608
14716
14674
14736
14688
14647
14680
14667
14678
14829
14751
14736
14868
14762
14730
14771
14694
14727
14788
14731
14842
14851
14762
14766
14725
14824
14788
14785
14879
14902
14859
14788
14811
14899
14934
14836
14905
14905
14866
14857
14839
14983
14845
14959
14974
14936
14925
14885
14991
14968
15003
15034
15037
14957
14853
14931
15026
15057
15028
15060
15048
15103
14966
14968
15048
15129
15200
15043
15100
15114
15074
15040
15100
15131
15094
15143
15120
15128
15217
15103
15091
15194
15146
15184
15206
15198
15197
15137
15163
15318
15200
15157
15249
15217
15169
15178
15188
15260
15255
16320
16168
17105
17465
15326
15226
15389
15701
17511
15401
15338
15295
15315
15338
15418
15384
15398
15387
15493
15383
15361
15369
15423
15449
15400
15438
15455
15367
15398
15389
15544
15533
15503
15498
15581
15475
15455
15466
15572
15535
15441
15581
15530
15605
15501
15544
15669
15613
15635
20876
15612
15527
15584
15529
15619
15639
15658
15679
15664
15601
15575
15589
15776
15678
15627
15641
15687
15639
15710
15652
15707
15765
15691
15710
15744
15681
15709
15684
15793
15819
15713
15830
15756
15773
15705
15788
15847
15865
15825
15845
15899
15805
21122
15910
15899
15918
15839
15939
15856
15836
15810
15913
15974
15911
15954
15993
15970
15982
15931
15914
15936
15987
15974
15953
16002
15905
15951
16011
16054
16073
16039
16096
16008
16040
15985
16048
16171
16022
16076
16109
16142
16048
16071
16047
16134
16162
16068
16129
16077
16169
16105
16136
16191
16197
16194
16229
16206
16226
16122
16206
16232
16300
16149
16268
16345
16234
16191
16203
16271
16171
16188
16251
16239
16289
16251
16248
16325
16402
16342
16341
16331
16246
16259
16280
16388
16432
16340
16397
16449
16329
16337
16349
16474
16377
16338
16420
16415
16397
16412
16392
16495
16573
16386
16504
16472
16480
16406
16460
16497
16506
16498
16572
16529
16509
16503
16526
16595
16552
16540
16552
16614
16563
16517
16598
16606
16615
16633
16586
16638
16655
16580
16614
16698
16678
16647
16657
16670
16692
16560
16661
16710
16738
16743
16796
16669
16781
16676
16744
16794
16701
16747
16809
16761
16749
16753
16761
22414
16827
16755
16871
16861
16830
16765
16787
16895
16827
16869
16901
16879
16910
16847
16832
16944
39764
16700
15816
15853
15713
15759
15732
15803
15839
15841
15999
15918
15874
15857
15897
15966
15992
15885
15937
15891
15861
15914
15876
15961
15998
15911
16010
15961
15966
15893
15937
16026
16030
15959
16053
16027
16036
15968
15991
16143
16071
16014
16048
16064
16062
16023
16020
16137
16084
16041
16096
16091
16079
16079
16043
16087
16223
16103
16184
16128
16062
16127
16114
16204
16211
16109
16239
16184
16242
16177
16164
16257
16228
16204
16289
16291
16222
16204
16227
16317
16280
16237
16310
16305
16251
16237
16294
16364
16335
16247
16445
16357
16281
16333
16330
16384
16348
16347
16466
16406
16362
16374
16301
16512
16385
16349
16435
16417
16393
16343
16407
16525
16483
16469
16534
16476
16498
16414
16430
16555
16533
16409
16528
16575
16572
16537
16460
18605
16598
16535
16635
16585
16570
16566
16535
16686
16605
16603
16584
16598
16570
16550
16558
16688
16701
16591
16681
16605
16617
16638
16626
16718
16701
16626
16753
16704
16638
16643
16704
16748
16761
16685
16794
16791
16715
16716
16690
16799
16775
16798
16829
16838
16863
16784
16736
16879
16888
16848
16881
16916
16786
16793
16864
16858
16803
16832
16862
16850
16843
16867
16831
16891
16921
16854
16929
16977
16821
16881
16926
17001
17032
16965
17044
17046
16940
16945
16967
17029
17044
17010
17079
17106
16983
17074
16968
17109
17126
17071
17092
17006
17010
17045
17032
17095
17092
17104
17208
17085
17044
17109
17062
17169
17211
17101
17176
17195
17114
17067
17166
17260
17225
17155
17252
17279
17168
17133
17206
17297
17277
17116
17298
17266
17211
17197
17244
17312
17324
17239
17379
17269
17256
17332
17319
17385
17284
17331
17392
17294
17340
17331
17319
17445
17412
17364
17448
17378
17336
17340
17392
17412
17474
17365
17533
17438
17442
17435
17388
17492
17546
17430
17540
17553
17469
17444
17449
17551
17507
17458
17560
17513
17548
17525
17523
17602
17600
17487
17635
17586
17563
17616
17568
17650
17542
17564
17722
17642
17553
17578
17694
17715
17567
17708
17715
17685
17694
17665
17619
17748
17694
17662
17733
17680
17673
17703
17687
17720
20802
17786
17810
17843
17707
17726
17743
17800
17799
17790
17765
17801
17773
17751
17791
17847
17921
17781
17973
17770
17791
17783
17827
17958
17831
17850
18027
17956
17930
17864
17863
17950
17944
17866
17883
17885
17966
17970
17923
18041
18001
17869
18062
17999
17930
17931
17963
18045
18057
18010
18142
18061
18008
18043
18057
18154
18068
18074
18101
18164
18046
18129
18043
18163
18222
18081
18219
18133
18121
18136
18099
20267
20503
18234
18244
18225
18119
18177
18145
18294
18166
18180
18247
18261
18196
18211
18173
18361
18286
18221
18359
18284
18204
18307
18230
18355
18244
18295
18423
18296
18284
18298
18310
18397
18365
18332
18400
18404
18341
18342
18322
18482
18399
18419
18451
18373
18397
18329
18444
18495
18482
18404
18571
18520
18466
18470
18446
18592
18571
18464
18557
18567
18456
18503
18486
20878
18484
18507
18591
18630
18563
18558
18550
18635
18584
18529
18753
18607
18557
18597
18582
18717
18654
18626
18754
18657
18633
34251
17498
17560
17617
17480
17598
17558
17499
17465
17512
17612
17527
17487
17675
17635
17492
17565
17605
17725
17660
17565
17602
17611
17570
17597
17578
17685
17641
17620
17653
17718
17635
17590
17630
17753
17708
17731
17658
17640
17690
17675
17698
17818
17775
17715
17765
17778
17695
17705
17750
17738
17778
17713
17791
17808
17771
17748
17766
17901
17790
17790
17881
17843
17786
17828
17800
17843
17865
17798
17891
17883
17858
17848
17833
17870
17893
17888
17963
17933
17888
17900
17941
18051
17973
17928
17978
18039
17936
17901
17983
17991
18041
17956
18074
17991
17949
17966
17991
18126
18036
17976
18101
18028
18014
18019
18041
18159
18073
18027
18187
18117
18064
18101
18139
18159
18121
18164
18173
18139
18136
18111
18136
18211
18146
18176
18279
18269
18126
18158
18132
18272
18196
18191
18307
18262
18196
18186
18207
18287
18249
18199
18297
18319
18171
18241
18174
18292
18314
18251
18402
18331
18261
18294
18355
18395
18329
18302
18449
18425
18334
21033
18359
18399
18407
18349
18480
18434
18427
18399
18414
18497
18490
18424
18497
18460
18372
18439
18424
18520
18472
18447
18543
18490
18476
18417
18502
18633
18497
18492
18605
18499
18492
18517
18569
18597
18519
18543
18602
18552
18577
18555
18570
18567
18547
18559
18663
18662
18622
18475
18630
18719
18657
18615
18660
18627
18582
18663
18645
18720
18725
18705
18758
18771
18738
18698
18687
18820
18706
18730
18803
18813
18712
18765
18697
18786
18855
18717
18848
18790
18735
18762
18785
18853
20940
21338
18925
18863
18848
18796
18788
18928
18875
22451
19745
18976
18848
18903
18807
18911
18873
18895
19015
19014
18946
18923
18941
19111
19016
18953
19226
19161
18991
18936
18935
19060
19013
18968
19046
18985
19013
18928
19016
19113
19053
19036
19146
19063
18991
19039
19010
19193
19199
19053
19178
19086
19088
19036
19121
19189
19149
19103
19274
19104
19144
19116
19111
19176
19259
19056
19168
19164
19156
19149
23293
19339
19226
19224
21771
19331
19197
19186
19201
19302
19291
19251
19272
19309
19192
19226
19229
19291
19319
19226
19374
19296
19356
19314
19319
19362
19352
19296
19469
19324
19290
19379
19344
19429
19390
19379
19477
19402
19387
19359
19396
19479
19479
19422
19540
19461
19419
19397
19436
19580
19469
19466
19490
19529
19439
19442
19479
19529
19576
19487
19647
19550
19499
19519
19525
19607
19593
19607
19640
19698
19506
19512
19597
19680
19655
19600
19597
19572
19619
19647
19612
19659
19675
19680
19742
19768
19655
19594
19659
19720
19724
19635
19655
19673
19692
19740
19685
19768
19743
19719
19850
19745
19717
19778
19800
19815
19827
19790
19785
19858
19823
19757
19788
19882
19820
19845
19865
19858
19890
19833
19840
19930
19971
19847
19975
19890
19860
19870
19880
19976
19993
19910
19943
19993
19905
19922
19975
19968
19988
19947
19960
19983
19998
20005
19912
20031
20060
19973
41959
18995
18866
18782
18831
18841
18957
18818
18915
18910
18908
18873
18887
18860
18940
18828
18938
18901
18934
18967
18932
19004
19005
18912
19010
18946
18904
18925
18933
19075
19018
19007
19024
19048
18999
19053
18941
19033
19047
18980
19094
19094
19044
19007
19067
19049
19163
19048
19156
19119
19085
19079
19073
19168
19099
19073
19168
19151
19126
19121
19122
19167
19157
19079
19179
19160
19142
19168
19188
19220
19220
19163
19267
19187
19155
19176
19220
19232
19195
19151
19246
19273
19209
19228
19267
19329
19273
19301
19381
19341
19339
19233
19246
19354
19316
19271
19375
19284
19337
19343
19305
19385
19419
19343
19396
19282
19416
19328
19390
19450
19402
19415
19426
19416
19408
19335
19404
19447
19476
19436
19560
19463
19451
19410
19444
19531
19500
19428
19603
19487
19508
19465
19396
19777
19516
19476
19744
19503
19465
19526
19573
19830
19605
19552
19868
19533
19592
19611
19595
19853
19619
22157
19930
19631
19550
19625
19642
19875
19670
19611
19938
19716
19622
19667
19626
19906
19666
19677
19929
19693
19685
19737
19689
19934
19718
19727
19896
19803
19717
19742
19705
20019
19773
19723
20024
19788
19765
19776
19773
20056
19783
19794
20031
19824
19820
19822
19809
21870
19919
19816
20148
19872
19827
19867
19890
20117
19896
19902
20130
19957
19919
19903
19862
20184
19924
19952
20149
19955
19914
19910
19949
20192
19995
19908
20174
20048
20016
19965
19978
20269
20050
19980
20266
20113
20071
19956
20054
20244
20052
20026
20214
20115
20065
20071
20054
20332
20148
20050
20311
20213
20072
20081
20121
20409
20166
20162
20429
20149
20189
20141
20086
20472
20151
20113
20400
20203
20212
20164
20183
20439
20177
20246
20477
20237
20223
20212
20266
20494
20254
20240
20487
20263
20244
20266
20248
20529
20276
20305
20563
20383
20259
20307
20330
20634
20313
20381
20586
20382
22896
20394
20439
20658
20429
20404
20693
20480
20340
20406
20369
20998
23222
20541
21771
22233
22736
23519
20501
20843
20525
20501
21487
22137
22943
22710
21890
23786
24204
24452
25882
23981
20743
20565
20558
20763
20571
20565
20867
20645
20546
20603
20544
20799
20594
20535
20854
20628
20535
20571
20535
20885
20666
20714
20951
20657
20685
20631
20628
20949
20782
20757
20923
20632
20615
20731
20672
20985
20824
20699
21042
20771
20753
20736
20698
20966
20778
20742
21040
20820
20803
20825
20780
21012
20814
20832
21146
20904
20769
20799
20862
21084
20771
20805
21157
20930
20841
20910
20777
21116
20892
20826
21107
20859
20873
20937
20843
21049
20974
20903
21152
20906
20869
20960
20913
21132
20927
20891
21122
20968
21002
20942
21000
21180
21058
20980
21282
21056
21006
20998
20993
21327
21041
21014
21229
21075
21031
21124
21044
41242
20057
19889
20172
19966
19943
19919
19991
20175
19891
19961
20204
19953
19971
20030
19967
20129
19941
19992
20232
19933
20081
19952
19981
20288
20059
20022
20282
20035
20002
20100
20045
20304
20130
20076
20340
20104
20078
20086
20076
20406
20150
20164
20278
20132
20121
20146
20104
20344
20101
20086
20393
20189
20226
20081
20204
20422
20142
20248
20392
20226
20174
20159
20186
20475
20178
20248
20405
20250
20210
20228
20252
20421
20334
20188
20499
20326
20226
20308
20246
20557
20298
20294
20515
20379
20318
20292
20270
20499
20308
20376
20588
20373
20403
20380
20373
20567
20316
20386
20518
20444
20420
20407
20395
24360
20390
20444
20619
20451
20434
20366
20426
20731
20545
20450
20714
20466
20441
20462
20448
20721
20476
20525
20721
20544
20500
20515
20519
20785
20555
20589
20741
20541
20539
20537
20535
20743
20579
20579
20843
20573
20663
20573
20573
20835
23259
20657
20858
20614
20681
20601
20635
20837
20669
20561
20852
20763
20625
20643
20669
20906
20687
20721
20908
20751
20663
20655
20663
20907
20743
20643
20960
20763
20753
20743
20769
21070
20794
20743
21012
20815
20759
20797
20779
21014
20872
20810
21043
20872
20791
20748
20846
21060
20883
20774
21062
20991
20812
20845
20819
21115
20899
20876
21114
20943
20912
20903
20910
21086
20912
20892
21162
21034
20888
20932
20990
21144
21048
20994
21164
20927
20944
21012
20985
21226
20990
20980
22567
23495
22307
20997
21864
22315
21132
21075
21302
21120
21014
21100
21016
21286
21098
21033
21286
21124
21090
21048
21090
21317
21181
21050
21389
21132
21158
21106
21170
21258
21230
21128
21397
21218
21144
21130
21261
21357
21234
21156
21361
21190
21168
21154
21231
21466
21226
21283
21447
21319
21249
21232
21242
21529
21269
21347
21520
21373
21277
21330
21311
21575
21375
21296
21607
21354
21312
21328
21270
21545
21403
21281
21612
21358
21356
21343
21352
21651
21393
21427
21587
21436
21415
21425
21457
21673
21408
21435
21601
21411
21483
21435
21460
21681
21517
21496
21703
21531
21471
21451
21481
21731
21506
21443
21710
21491
21549
21475
21551
21729
21544
21580
21707
21557
21565
21536
21549
21778
21667
21541
21865
21651
21541
21615
21597
21826
21585
21663
21880
21669
21675
21579
21663
21898
21712
21712
21930
21673
21617
21750
21675
21880
21705
21720
21995
21745
21673
21677
21731
22042
21733
21759
21974
21795
21729
21751
21739
21970
21779
21810
22039
21754
21822
21816
21854
22070
21826
21848
22140
21781
21840
21890
21793
22084
21886
21801
22118
21876
21910
21885
21878
22138
21881
21896
22236
21994
21843
21906
21907
22191
21876
21934
22163
21941
21956
21948
35741
21109
20811
20778
21052
20827
20842
20801
20756
21063
20860
20803
21083
20864
20894
20851
20887
21100
20904
20846
23073
20932
20845
20877
20931
21125
20927
20917
21146
20986
20900
20936
20918
21184
20951
20972
21166
20978
20969
20929
20998
21227
20972
20984
21217
20970
20989
21059
21008
21235
21000
21052
21238
21098
21040
21039
21088
21326
21092
21074
21337
21134
21050
21050
21069
21340
21068
21078
21360
21166
21068
21064
21128
21331
21158
21119
24017
24316
21940
24356
21160
21397
21285
21168
21399
21236
21172
21181
21164
21408
21259
23229
23626
21269
21341
21217
21214
22133
24179
21242
21516
21292
21217
22453
24806
21542
21350
21238
21519
21327
23989
23426
25403
25179
30713
21545
21852
21439
21596
21714
21883
21795
21678
22204
22531
21644
21943
21740
21856
21946
21457
21415
23106
21423
21394
21409
29477
22770
21527
21470
21689
21518
21467
21448
21463
21642
21525
21490
21722
21774
21550
21494
21538
21702
21596
21495
21729
21491
21519
21550
21562
21797
21607
21565
21755
21563
21533
21501
21598
21814
21622
21585
21841
21653
21555
21546
21597
21797
21624
21621
21936
21657
21674
21577
21626
21845
21651
21628
21910
21636
21594
21738
21682
21836
21738
21695
22019
21670
21748
21733
21707
21932
21742
21797
21894
21805
21724
21774
21710
22025
21744
21869
22055
21799
21784
21770
21764
22023
21874
21822
22019
21824
21795
21816
21826
22072
21801
21886
22067
21955
21871
21839
21873
22115
21905
21917
22088
21900
21892
21901
21877
22152
21961
21872
22143
21963
21914
21913
21953
22223
21987
21957
22226
21984
21941
21979
21951
22236
21995
21998
22228
22021
22046
22048
22006
22256
21991
22032
22233
22050
22045
22004
22018
22248
22136
22061
22242
22132
22026
22050
22078
22312
22166
22173
22271
22122
22120
22118
22107
22415
22172
22145
22350
22124
22090
22122
22170
22319
22231
22154
22335
22193
22147
22129
22217
22434
22229
22215
22396
22305
22196
22185
22223
22451
22283
22237
22466
22261
22225
22270
22299
22440
22333
22249
22472
22319
22263
22255
22295
22555
22361
22312
22487
22398
22337
22310
22339
22576
22356
22367
22569
22371
22358
22354
22344
22630
22410
22369
22614
22430
22383
22438
22426
22649
22461
22457
22680
22445
22434
22440
22404
26995
22502
22426
22683
22525
22468
22404
22472
22690
22563
22512
22715
22514
22475
22478
22529
22768
22544
22506
22734
22574
22556
22552
22548
22804
22530
22605
22787
22626
22535
22535
22607
22772
22645
22599
22808
22669
22637
22573
22671
22865
22654
22683
22883
22720
22696
22669
35621
21836
21535
21522
21789
21563
21526
21514
21542
21795
21667
21566
21816
21696
21626
21586
21654
21888
21687
21615
21794
21628
21675
21584
21656
21813
21693
21691
21848
21671
21769
21683
21653
21884
21748
21736
21846
21745
21653
21725
21686
21945
21773
21686
22059
21739
21723
21774
21743
21941
21818
21786
21935
21820
21794
21755
21779
22045
21806
21772
22002
21849
21758
21771
21850
21975
21845
21875
22089
21871
21796
21805
21920
22023
21895
21853
22097
21838
21861
21854
21864
22061
21925
21876
22077
21875
21904
21924
21932
22109
21952
21968
22153
22005
21894
21970
21960
22207
21953
22038
22190
22003
22023
21970
21980
22177
22030
21986
22197
22013
22025
22025
21973
22239
22072
22057
22259
22033
22074
22047
22056
22311
22082
22128
22289
22127
22090
22053
22075
22239
22055
22070
22304
22117
22156
22077
22156
24695
22167
22130
22352
22192
22089
22140
22157
22304
22151
22145
22341
22217
22221
22201
22236
22358
22180
22175
22423
22228
22244
22207
22202
22469
22269
22280
22407
22284
22312
22232
22266
22462
22366
22265
22382
22344
22319
22276
22260
22478
22301
22289
22487
22330
22321
22341
22244
22574
22384
22356
22524
22361
22318
22344
22395
22553
22620
24900
24594
24211
22445
22416
22417
22738
22531
22398
22639
22457
22427
22412
22470
22670
22509
22435
22680
22441
22441
22439
22463
22712
22484
22514
23775
25333
23178
22509
22500
22755
22579
22543
22743
22597
22539
22547
22551
22723
22603
22631
22790
22580
22595
22511
22606
22737
22653
22598
22715
22545
22610
22594
22643
22723
22613
22640
22808
22636
22659
22668
22658
22852
22693
22730
22877
22696
22644
22665
22645
22865
22690
22655
22939
26591
26936
22802
22746
22971
22710
22768
22912
22784
22742
22768
22763
23035
22780
22773
23005
22800
22772
22748
22803
22974
22755
22765
23001
22839
22841
22861
22822
25630
22869
22885
23042
22824
22840
22832
22822
23045
22832
22914
23011
22906
22937
22839
22919
23119
22962
22892
23088
22954
22959
22924
22940
23168
22947
22962
23290
22912
23019
22867
22980
23292
23010
23021
24886
24920
23024
22969
23029
23241
23010
23000
23330
23057
23001
23002
23025
23269
23060
23168
23347
23144
23114
23021
23044
23426
23118
23062
23373
23112
23146
23062
23106
23341
23128
23119
23475
23174
23123
23153
24192
24680
23106
23168
23408
23162
23173
25411
25147
26148
26165
27138
27493
26029
26873
25373
28811
27952
28030
28332
28580
25356
24483
24412
25635
24038
25628
26088
26318
53174
19167
18703
18570
18269
17861
17022
16255
16151
16093
18374
18392
17350
18905
19836
20314
20192
20254
20233
20419
19791
18713
17413
19270
19540
20411
20662
20965
20427
20209
20209
20397
20281
20439
20534
20719
20465
20545
20440
20369
20553
21076
20350
20325
20723
19403
19006
18334
18763
18966
18428
17952
18839
19127
20066
20309
19906
18742
18311
25501
15521
16453
16089
16481
16325
16690
16637
15301
16911
16620
16494
14584
16283
17214
17219
16826
16153
15776
15142
14375
14724
15724
14318
15100
15129
14914
15307
16175
16383
15317
16210
16467
16418
16738
17289
16065
15686
16996
17543
17415
17830
16001
15361
14883
15873
15133
15142
14013
14134
14035
13948
14150
14048
13996
13964
14829
16109
15811
15518
16319
16128
16439
15814
15806
16176
15466
16320
16317
16333
15851
15204
15416
14845
16550
15563
16779
16798
16411
16861
16856
16808
16444
16886
26517
14147
14050
14097
14078
14249
14666
16023
24959
16033
16563
16878
15753
16743
16866
15590
16813
16833
16746
16849
16399
16866
16831
16784
27704
25770
15301
15539
15772
15673
16636
16198
16876
17320
17074
17839
16599
17347
17800
17502
18223
17022
15611
14964
15827
16096
16457
16860
16545
16878
16910
16375
16695
16832
17017
16831
16358
16035
15489
16387
16204
14731
15297
14972
15432
15415
16286
15911
15458
15194
25349
14399
14436
14293
14220
15686
15972
16785
16615
17536
16883
15528
14265
14855
16095
16032
16378
16012
15905
15855
16888
26741
17319
16411
25575
15391
29706
15997
25989
14656
16640
16599
16780
16738
15839
17127
16085
16746
26418
17447
26392
16054
16530
16798
17648
17629
18242
15821
16206
15800
17246
16155
15670
17514
17434
15235
15719
15207
16020
16191
16341
15923
16460
17182
16896
16566
16424
16386
16234
17631
16829
15758
16176
15520
17327
16914
16363
16044
15930
17781
16737
15709
16116
15479
16068
16747
16289
16646
16857
16359
16623
16459
16649
17192
17212
16081
15131
15899
15880
17361
17426
16867
15711
16074
17711
16637
16708
16706
17304
17408
17522
16311
16109
15228
17017
16721
17121
16269
15573
17039
16867
17169
17302
17776
16939
27692
16805
17703
16761
17384
17306
17145
17358
17149
17776
17366
17504
16984
17211
17127
16429
17191
16455
16192
16487
15660
16801
17147
16663
16717
16370
17510
17237
17059
18690
18027
18669
17361
17611
17998
17348
17692
18019
18160
16908
17042
16447
16149
16467
17108
17355
17513
17168
15950
16487
15937
17046
16743
16608
16805
16549
18456
16619
16919
17658
17789
16678
16508
16651
16296
16667
16962
17348
17167
17569
18591
17391
17298
18100
18669
17651
17772
18757
17203
18241
17901
17893
17191
17179
16494
17005
17489
16992
17194
17624
17800
16675
16933
16902
16535
17108
17395
18259
17116
16658
16746
16702
16997
16903
17225
17208
17766
18371
17160
18168
18439
18337
17348
18582
18154
17687
17812
18298
17349
17150
16473
16574
17662
17603
17303
17124
17920
17024
16952
17110
16947
17419
18086
18271
16940
16574
16536
16582
16956
17028
17154
17593
18054
18398
17324
18554
19138
17642
18358
19030
17407
18151
18595
17688
17677
16860
16828
17635
18057
17098
16972
17696
17236
17231
24869
25875
16756
17635
17909
16891
16324
16541
16445
16729
16854
17096
16680
17420
18020
17110
17791
17887
18071
17227
18185
18033
17522
17637
17882
17106
17243
16386
16601
17247
16882
17186
16805
17579
16829
16692
16651
16514
16948
17579
17967
16798
16489
16355
16556
16709
17085
16857
17622
18425
17487
17884
18253
18314
17216
18555
17990
17666
17664
17769
17034
16986
16326
16797
17540
16854
16975
16950
17221
17033
16679
16855
16674
17478
18359
17383
16656
16860
19702
17049
16797
17116
17352
18097
17913
17102
18197
18986
17436
18059
18818
17371
17814
18542
17414
17280
16680
16709
17515
17651
17039
16944
17659
16889
16882
17028
16861
17424
17574
17948
16790
16801
16468
16976
16917
17205
16929
17859
18276
17616
17896
18099
18680
17195
18734
18136
28192
18365
27366
17168
17247
16614
17199
17882
16852
17251
17460
17258
17083
16877
16683
17037
17496
18429
17288
16684
16829
16818
17249
16954
17506
17365
18057
18330
17145
18350
18431
18145
17746
19308
17651
18357
18520
21954
17498
17201
16902
17631
18111
17261
17203
17958
17037
17069
17215
16886
16973
17717
18433
16953
16700
16854
16706
17003
17123
17133
17823
18024
18045
17799
18059
19199
17316
18627
18732
17798
18158
18675
17567
17360
16951
17252
17990
17149
17329
17493
17579
17500
17113
17113
17212
18043
18652
17368
16782
17100
16933
17287
17431
17732
17672
18400
18404
17705
18517
19149
17430
18821
18790
17898
18442
18903
17766
17624
18576
18462
16797
17692
18340
19542
17186
17414
17560
18259
17978
17436
17131
17194
18682
17460
17458
18042
28699
17908
17579
17420
17800
17753
18074
17964
18315
18874
18715
18540
19531
19838
18300
19210
19800
18506
18470
19404
18904
17620
18346
17383
16341
16872
17941
17867
18323
17227
17466
17103
18389
18322
17524
17440
17596
17490
17742
17646
18015
19577
17528
17520
17677
17440
17812
17789
17208
18161
17672
18227
18966
19198
18228
19738
19181
19325
18227
19722
18950
18788
18493
19459
18801
18598
17996
16829
17311
18425
18883
25695
17996
17377
18612
17521
18445
18065
17693
18194
18361
19404
18540
18225
17991
17591
17914
17870
17550
18150
17942
18606
19150
19399
18381
20003
19565
19592
18852
19858
19073
19780
18453
19697
18554
18654
17541
17503
18150
18562
18381
17433
17802
17787
18842
17599
17920
17965
17859
18204
18973
19206
19039
18171
18211
17825
18182
18495
17997
18311
18791
19482
20037
18230
19526
19828
19944
19023
19878
19341
19269
18687
19830
18778
19072
17879
16984
17595
18651
18918
17090
18255
17849
19322
17910
18100
18074
18074
18606
18647
19943
18298
17718
18141
17825
17811
17312
17541
17595
19162
24418
18518
18910
18572
17662
18376
19081
18128
19209
19423
19189
25018
19444
20759
18208
19608
21326
19389
21615
19188
20335
21602
18156
20095
26365
24269
22790
21141
21656
23872
23770
18531
27994
25145
24006
23929
24505
25287
20625
24517
23683
21742
22056
20851
21310
19873
24736
20748
26494
24153
19719
20944
22263
23082
20003
21496
22604
24275
23327
22961
23175
21582
19958
20860
22159
18602
19471
19631
19215
20159
19103
20701
18064
17395
16570
16325
16288
16355
16373
16564
16842
16978
16471
16473
16992
16439
16275
16395
16454
16452
16457
16383
16459
16540
16397
16391
16525
16489
16803
16772
16400
16725
16607
17692
16542
17467
17146
17280
16368
16555
17404
16567
16470
16489
16903
17719
18356
18729
18442
17318
17873
17170
18017
17290
17286
17782
17856
17989
17285
17285
18001
18759
19461
28792
18286
18261
18271
28430
27834
16041
15932
16183
15969
16064
16057
16362
16112
16091
16035
16065
15981
16352
16580
16758
16261
16132
16206
16322
16288
16355
18381
17766
17161
16035
16066
16209
16154
16175
16070
16283
16263
16160
16059
16174
16325
16277
16082
16129
16149
16146
16109
16153
16122
16601
16620
19290
16263
16979
17038
16233
16309
16422
17611
16578
18054
18129
16339
17207
16160
16338
16866
16313
16224
16152
16166
16296
18138
42044
35558
17770
27825
28082
18128
28958
29778
19296
28418
29740
30131
19360
34909
19374
29339
19114
17219
17055
19476
18528
19002
19344
18008
18855
18558
18681
18101
19244
16821
16759
18942
17498
17699
16725
16803
16723
16681
16850
16673
16834
16816
16715
16859
16734
16773
16843
18182
18926
19558
20167
19386
19738
22434
20487
17043
16962
17910
17099
16945
17660
18851
19980
19443
17907
19059
18404
17006
16989
17125
16872
16924
17174
17649
19207
16920
16872
16825
16840
16786
16919
16851
16817
16936
16863
16831
16887
16816
16921
16815
16832
16905
16893
16838
16931
16842
16913
16929
16829
16942
16892
16840
16991
16850
16999
16904
16853
16967
16928
16858
16958
16850
16974
16936
16916
16972
16919
16883
17004
16899
17017
16973
16932
17053
16982
16964
17058
16918
17022
16953
16939
16991
20791
16930
17053
16923
17038
16973
16960
17033
17012
16948
17031
16979
17069
16995
16949
17083
17025
16952
17077
16991
17113
17075
16986
17088
17023
17001
17084
16986
17084
17019
17002
28203
17161
17067
17102
17007
17118
17002
17039
17136
17102
17002
17138
17049
17143
17106
17045
17141
17123
17055
17138
17058
17173
17108
17088
17154
17127
17087
17215
17065
17167
17138
17089
17186
17095
17163
17189
17125
17186
17135
17131
17180
17202
17145
17222
17093
17234
17155
17182
17215
17207
17158
17223
17144
17281
17201
17132
17241
17165
17157
17251
17169
17268
17222
17166
17259
17204
17175
17251
17182
17312
17231
17218
17315
17259
17210
17289
17905
19221
17297
17221
17358
17298
26959
16815
16741
16869
16774
16713
16834
16776
16731
16845
16743
16866
16804
16760
16854
16773
16754
16873
16810
16867
16856
16752
16878
16818
16826
16867
16763
16932
16838
16794
16904
16865
16818
16906
16818
16898
16860
16877
16921
16877
16869
16956
16873
16916
16885
16817
16933
16912
16844
16928
16854
16961
16934
16885
16969
16906
16891
16957
16888
16945
16937
16850
16963
16901
16896
16940
16924
17040
16953
16891
16984
16956
16898
17007
16893
17032
16948
16902
17001
16957
16927
17013
16942
17006
16983
16951
17039
16986
16949
17063
16940
17037
16957
16991
17027
17025
16964
17104
38086
26424
17020
17011
17102
17080
16990
17087
16982
17080
17097
16999
17103
17044
17020
17076
16994
17090
17039
17036
17099
17065
17050
17120
17030
17109
17122
17031
17095
17085
17030
17176
17096
17167
17125
17057
17207
17104
17039
17148
17069
17155
17135
17070
17173
17142
17082
17213
17092
17193
17131
17136
17209
17130
17130
17208
17097
17214
17163
17097
17250
17196
17149
17254
17120
17200
27493
17640
17738
17711
17722
17759
17673
17755
17762
17678
17781
17762
17677
17792
17703
17775
17760
17700
17800
17732
17701
17777
17634
17782
18037
17672
17883
17759
17796
17846
17792
17804
17849
17715
17883
17831
17819
17919
17844
17935
17802
17744
17978
18047
28649
17937
19646
17939
17815
26964
17401
17318
17273
17344
17269
17367
17286
17313
17360
17287
17267
17363
17292
17389
19400
17367
17374
17345
17297
17428
17324
17394
17309
17316
17437
17377
17372
17455
17339
17473
17379
17312
17413
17406
17374
17446
17327
17443
17436
17330
17444
17403
17380
17499
17360
17485
17448
17377
17481
17503
17359
17515
17387
17485
17470
17429
17528
17443
35179
27377
17408
17508
17522
17439
17530
17490
17433
17532
17420
17541
17521
17443
17569
17548
17427
17536
17445
17536
17544
17453
17584
17523
17505
17600
17451
17573
17544
17498
17616
17563
17445
17592
17460
17612
17633
17464
17559
17604
17523
17609
17518
17617
17629
17502
17665
17608
17537
17648
17510
17621
17642
17521
17619
17611
17529
17667
17528
17640
17606
17580
17650
17631
17584
17669
17581
17684
17618
17617
17674
17662
17597
17687
17614
17687
17716
17625
17714
17681
17581
17726
17596
17721
17706
17615
17698
17755
17653
17750
17663
17755
17711
17621
17751
17717
17676
17811
17638
17737
17763
17662
17751
17741
17643
17775
17647
17767
17702
17682
17824
17787
17670
17791
17657
17763
17780
17718
17783
17781
17707
17824
17696
17800
27989
18269
18345
18324
18225
18385
27965
17824
17891
17726
17888
17783
17721
17857
17763
17868
17809
17736
17841
17864
17731
17880
17768
17908
17827
17749
17873
17847
17783
17907
17817
17926
17864
17819
17918
17922
17810
17924
17824
17953
17872
17784
17937
17895
17810
17900
17829
17946
29889
27531
17978
17912
17861
17920
17836
17960
17876
17849
17955
17945
17893
17947
17871
17983
17963
17883
17997
17992
17883
17976
17877
18015
17999
17887
17992
17972
17919
18020
17862
17964
17999
17962
18018
18010
17905
17994
17902
18061
18007
17945
18049
18039
17928
18066
17908
18026
18074
18016
18052
18054
17984
18076
17978
18085
18050
17983
18056
18084
18000
18098
17974
18069
18095
17992
18111
18120
18000
18088
17982
18119
18118
18066
18182
18074
18042
18134
18016
18176
18124
18040
18118
18097
18048
18147
18021
18128
18189
18074
18209
18149
18072
18155
18080
18165
18124
18084
18162
18150
18111
18178
18075
18177
18202
18129
18209
18164
18083
18209
18124
18197
18179
18161
18215
18172
18169
18245
18111
18236
18187
18145
18255
18211
18182
18280
18119
18222
19366
18174
18248
18298
18204
18237
18159
18280
18305
18219
18289
18278
18186
18312
18181
18295
18308
18202
18281
18268
18170
18312
18178
18310
18320
18225
18331
18302
18231
18333
18211
18357
18332
18261
18303
18285
18264
18340
18298
18360
18356
18256
18364
31370
27579
18390
18272
18388
18371
18274
18385
18382
18260
18375
18281
18397
18354
18314
18422
18384
18307
18408
18277
18405
18379
18328
18403
18388
18327
18415
18330
18407
18421
18351
18441
18439
18341
18447
18308
18415
18449
18397
18500
18455
18368
18466
18348
18483
18451
18387
18487
18467
18381
18509
18365
18468
18504
18421
18489
18477
18396
18537
18421
18510
18486
18413
18521
18504
18449
18491
18446
18529
18540
18441
18519
18538
18404
18529
18431
18551
18512
18474
18578
18519
18481
18561
18451
18584
18586
18482
18573
18538
18490
18581
18473
18594
18563
18492
18655
18598
18484
18618
18480
18619
18575
18571
18639
18617
18498
18640
18529
18639
18618
18528
18659
18583
18524
28929
19099
29983
20431
20197
55380
19327
19183
19234
19104
29817
18617
18563
18672
18673
18584
18697
18560
18705
18700
18582
18714
18689
18663
18715
18574
18695
18708
18620
18707
18717
18620
18701
18604
18721
18741
18643
18716
18730
18662
18791
18663
18770
18776
18650
18780
18779
18684
21621
19278
28179
18799
18689
18758
18821
18691
18803
18683
18817
18784
18760
18766
18827
18687
18837
18696
18782
18776
18729
18835
18790
18692
18830
18777
18830
18816
18708
18864
18821
18722
18858
18725
18860
18863
18699
18890
18874
18770
18847
18754
18860
18840
18782
18883
18885
18790
18855
18787
18896
18830
18799
18928
18888
18830
18913
18822
18920
18920
18864
18924
18915
18848
18925
18853
18953
18899
18847
18954
18890
18829
18931
18867
18964
18866
18850
18946
18968
18892
18991
18857
18949
18996
18890
18972
18995
18850
18978
18897
18960
18952
18880
18997
18988
18907
19022
18900
19030
19018
18948
19042
19005
18924
19028
18971
19008
19040
18937
19080
19058
18949
19028
18955
19076
19051
18973
19069
19025
18916
19019
18978
19081
19052
18977
19056
19053
19000
19095
18995
19092
19058
18995
19102
20580
18970
19112
18993
19126
19081
19044
19124
19095
19027
19134
19013
19144
19095
19043
19124
19105
19085
19117
19049
19117
19144
19060
19178
19162
19064
19187
19084
19153
19140
20670
19208
19173
19071
19184
19077
19180
19135
19110
19189
19194
19089
19215
19107
19210
19177
19129
19215
19218
19130
19196
19130
19228
19184
19088
19261
19215
19167
19268
19143
19257
19273
19157
19284
19211
19165
19247
19157
19233
19279
19143
19274
19250
19207
19312
19202
19307
19275
19207
19332
19282
19244
19312
19207
19299
19279
19253
19321
19298
19201
19299
19235
19344
19339
19242
19334
19374
19246
19352
19270
19321
19353
19264
19371
19337
19252
19377
19245
19380
19380
20360
30903
19972
21163
21382
24232
23175
22368
23594
21342
21572
23797
24884
22152
32442
23939
23823
24580
25735
24734
23948
23043
24461
25456
24855
25780
24883
22213
23241
24273
24194
23638
25798
25403
25238
25575
24734
25033
25835
25463
25481
24636
25774
24659
22391
21719
23640
23578
25064
24036
36839
41895
24122
21367
25054
25378
26125
24396
28400
86769
56069
54624
63869
28878
26226
35018
26881
22142
22816
23422
22411
24617
26732
33195
23122
25071
20499
22182
19787
20961
19827
19785
20149
20766
21548
20900
20051
20407
19939
20657
20033
20088
20284
19611
20087
20355
20489
19676
19746
20078
19710
19607
20049
20905
20753
20039
20001
19876
19718
19584
19821
19719
20394
19912
19652
20549
20761
19797
19685
20007
19730
22089
20317
19608
19667
19600
19695
19670
19636
19725
19646
19662
19727
19558
19713
19693
19604
19741
19678
19605
19766
19622
19724
19656
19654
19782
19670
19691
19776
19668
19777
19680
19645
19776
19750
19698
19825
19670
19786
19689
19643
19822
19724
19693
19861
19688
19824
19723
19682
19795
19769
19729
19856
19679
19835
19790
19760
19853
19758
19718
19830
19752
19880
19763
19768
19847
19777
19736
19896
19739
19870
19814
19761
19873
19795
19756
19890
19776
26881
19885
19803
19935
19836
19774
19898
19784
19921
19839
19789
19924
19819
19807
19914
19782
19964
19850
19834
19979
19863
19836
19969
19817
19969
19903
19834
19941
19847
19843
19925
19826
19969
23645
19855
19976
19915
19844
19978
19867
19993
19890
19906
20009
19891
19939
20016
19923
20014
19926
19887
19991
19927
19907
20023
19879
20047
20006
19930
20036
19938
19948
20032
19922
20078
19938
19955
20082
20020
19938
20058
19946
20054
19984
19963
20075
20010
19992
20052
19962
20070
20004
19953
20114
20035
20032
20083
19971
20129
20031
20068
20120
20056
20005
20118
19973
20101
20064
20016
20147
20077
19987
20128
20034
20165
20090
20051
30508
20690
20653
20769
20650
20765
20703
20720
20753
20683
20737
20898
20681
20816
20859
20758
20970
29814
20150
20206
20063
20207
20144
20063
20248
20164
20125
20277
20138
20214
20178
20160
20255
20157
20141
20287
20148
20259
20184
20148
20281
20171
20158
20279
20156
20254
20128
22332
20311
20206
20173
20289
20161
20313
20221
20208
20303
20222
20204
20291
20157
20275
20264
20167
20310
20241
20223
20294
20190
20361
20267
20202
20327
20235
20189
20334
20157
20335
20310
20249
20352
20280
20258
20393
20208
20365
20282
20238
20426
20278
20236
20381
20236
20435
20339
20284
20413
20290
20282
20392
20272
20374
20323
20287
20437
20348
20334
20411
20319
20421
20373
20340
20452
20333
20340
20462
20314
20452
20360
20347
20507
20350
20340
20486
20319
20499
20383
20403
20536
20409
20345
20429
20336
20500
20418
20335
20516
20439
20399
20504
20359
20490
20439
20393
20569
20426
20405
20555
20394
20507
20482
20410
20569
20454
20453
20585
20414
20532
20411
20434
20580
20485
20442
20589
20405
20623
20464
20476
20535
20490
20461
20553
20458
20618
20468
20457
20611
20539
20498
20654
30763
21337
21212
30183
20633
20580
20494
20641
20489
20673
20522
20523
20658
20527
20538
20670
20529
20625
20578
20519
22741
20637
20525
20655
20602
20681
20572
20551
20673
20584
20544
20708
20550
20721
20647
20609
20719
20627
20549
20715
20557
20740
20657
20542
20729
20658
20611
20744
20581
20736
20696
20611
20830
20708
20653
20805
20626
20733
20665
20627
20727
20731
20633
20778
20625
20756
20703
20645
20766
20653
20638
20809
20661
20824
20716
20678
20856
20714
20648
20839
20683
20825
20762
20698
22370
37066
42028
21535
21307
21425
22992
21615
21468
30361
20745
20863
20709
20800
20748
20732
20884
20765
20759
20863
20730
20894
20803
20760
20886
20829
20766
20899
20781
20907
20848
20766
20897
20840
20770
20946
20804
20940
20813
20807
20920
20875
20834
20927
20804
20937
20908
20782
20976
20817
20868
20960
20793
31457
30572
20831
20990
20868
20809
21015
20822
20976
20897
20802
21003
20908
20838
21037
20831
20971
20927
20870
20964
20899
20860
21008
20851
21020
20947
20871
21046
20956
20888
23445
20861
21076
20985
20928
21056
20975
20906
21042
20936
21076
20952
20917
21040
21016
20947
21087
20945
21093
21005
20963
21101
20994
20942
21113
20978
21126
21032
20993
21173
21080
21021
21112
21015
21130
21030
20999
21117
21014
21020
21149
21046
21112
21061
21005
21130
21069
21056
21156
21047
21153
21079
21006
21137
21114
21054
21185
21033
21197
21112
21034
21209
21090
21095
21145
21091
21218
21102
21057
21200
21154
21058
21202
21111
21232
21110
21116
21183
21156
21116
21303
21102
21287
21167
21078
21222
21113
21104
21184
21117
21247
21169
21147
21290
21180
21145
21241
21158
21315
21138
21147
21315
21198
21176
21328
21176
21353
21195
21225
21333
21205
21169
21356
21154
21312
21284
21185
21325
21257
21211
21333
21195
21353
21248
21220
21335
21264
21224
21371
21258
21401
21261
21263
21354
21276
21228
21400
21244
21369
21252
21220
21402
21267
21262
21426
21290
21386
21293
22870
21457
21299
21339
21420
21278
21410
21351
21335
21476
21344
21315
21468
21283
21435
21366
21254
21414
21372
21304
21454
21310
21453
21357
21340
21455
21347
21354
21525
21379
21474
21397
21389
21436
21411
21348
21505
21360
21511
21391
21363
21519
21358
21330
21524
21447
21525
21477
21416
21572
21451
21391
21507
21412
21553
21428
21422
21572
21442
21451
21604
21390
21545
21493
21447
21596
21428
21467
21539
21411
21600
21490
21442
21588
21467
21449
21529
21454
21589
21515
21482
21606
21448
21503
21605
21469
21610
21507
21472
21636
21542
21547
21646
21477
21627
21544
21517
21671
21585
21481
21667
21543
21690
21614
21528
21646
21581
21569
21683
21488
21696
21555
21541
21696
22537
21620
21704
21552
21694
21603
21571
21713
21626
21571
21711
21573
21742
21613
21554
21722
21600
21612
21726
21591
21744
21641
21586
21769
21664
21640
21691
21580
21776
21686
21601
21743
23607
21653
21795
21642
21777
21744
21628
21736
21712
21638
21799
21666
21779
21763
21686
21808
21709
21671
21767
21677
21813
21778
21682
21822
21758
21661
21877
21694
21849
21757
21714
21847
21775
21709
21879
21694
21860
21778
21740
21894
21775
21768
21860
21750
21842
21754
21779
21877
21821
21783
21869
21735
21860
21824
21777
21933
21799
21778
21943
21756
21919
21820
21771
21914
21843
21780
21936
21786
21964
21881
21766
21897
21882
21846
21985
21843
21952
21886
21830
21947
21882
21867
21978
21833
22042
21874
21865
21971
21909
21849
22043
21812
21946
21882
21899
22015
21931
21880
22040
21881
22005
21946
21920
22047
21937
21931
22007
21884
22028
21966
21921
22050
21947
21943
22045
21899
21997
21982
21906
22108
21978
21915
22084
21938
22064
22017
21914
22039
22008
21965
22110
21984
22072
22029
21917
22134
22004
21983
22158
21965
22156
22027
21974
22175
23440
22070
22139
22023
22138
22086
22001
22184
22080
22034
22187
22047
22156
22025
22039
22176
22101
22018
22201
22027
22217
22115
22039
22197
22079
22089
22212
22048
22180
22161
22030
22238
22146
22074
22276
22072
22250
22150
22042
22304
22154
22119
22272
22091
22227
22158
22106
22230
22132
22079
22203
22137
22259
22178
22108
22281
22185
22104
22267
22144
22286
22181
22137
22314
22210
22144
22269
22155
22266
22273
22153
22325
22226
22148
22328
22156
22311
22251
22186
22380
22263
22238
22298
22149
22353
22238
22203
22398
22187
22198
22412
22209
22342
22268
22234
22374
22279
22254
22344
22206
22353
22317
22262
22375
22323
22304
22423
22268
22431
22303
22299
22416
22351
22284
22399
32912
23064
31774
22295
22409
22329
22298
22404
22273
22413
22362
22322
22443
22348
22339
22483
22287
22487
22408
22312
22498
22334
22372
22431
22353
23887
22408
22380
22484
22396
22334
22458
22382
22504
22380
22404
22543
22469
22378
22527
22329
22564
22410
22369
22541
22459
22384
22571
22359
22507
24552
22412
22532
22494
22425
22557
22419
22569
22474
22443
22546
22486
22410
22603
22441
22595
22497
22432
22617
22537
22468
22623
22424
22570
22519
22438
22591
22518
22476
22617
22474
22680
22516
22464
22598
22518
22478
22614
22436
22609
22585
22520
22656
22574
22520
22617
22505
22653
22595
22537
22716
22579
22530
22672
22536
22697
22586
22552
22676
22605
22567
22717
22572
22664
22579
22587
22693
22671
22617
22769
22561
22721
22645
22607
22726
22611
22566
22745
22608
22744
22697
22583
22753
22663
22629
22737
22640
22745
22685
22694
22762
22675
22645
22765
22651
22772
22683
22642
22810
22710
22656
22782
22649
22783
22705
22689
22832
22724
22676
22843
22654
22835
22749
22727
24572
22796
22700
22782
22662
22826
22728
22713
22846
22729
22681
22811
22695
22865
22798
22747
22853
22752
22735
22895
22742
22910
22804
22794
22877
22805
22753
22889
22761
22935
22832
22739
22966
22851
22771
22917
22746
22927
22815
22784
22917
22815
22786
22948
22816
22927
22876
22770
22951
22851
22825
22949
22826
22936
22862
22865
22937
22873
22816
22930
22836
22995
22905
22833
22959
22894
22843
22973
22871
22939
22965
22864
22994
22943
22879
22980
22891
23027
22953
22881
23023
22955
22891
23065
22882
23027
22974
22895
23064
22980
22932
23028
22903
23065
22964
22916
23053
23011
22962
23098
22939
23024
22998
22944
23152
22979
22937
23095
22936
23084
22988
22963
23082
23017
22972
23142
22982
23091
22993
23009
23118
23035
22989
23147
22967
23119
23025
23000
23124
23078
23013
23162
23001
23139
23089
23078
23185
23068
24454
23197
23052
23142
23090
23018
23231
23100
23066
23198
23041
23175
23104
23074
23206
23137
23130
23206
23108
23230
23144
23108
23212
23154
23113
23251
23079
23240
23133
23066
23214
23191
23168
23236
23076
23256
23174
23167
23264
23230
23151
23244
23138
23269
23201
23177
23285
23201
23157
23306
23180
23324
23236
23170
23394
23284
23202
23325
23205
23341
23234
23203
23333
23178
23193
23369
23156
23356
23242
23190
23403
23200
23198
23424
23166
23350
23258
23209
23364
23236
23208
23440
23264
23388
23279
23251
23398
23333
23222
23401
23217
23364
29679
27518
23408
23330
23301
23473
23293
23434
23299
23257
23443
23333
23334
23468
23294
23427
23350
23324
23419
23374
23319
23451
23332
23421
23302
23330
23494
23405
23361
23477
23335
23522
23426
23432
23495
23419
23348
23502
23396
23522
23404
23373
23484
24953
23459
23544
23375
23493
23399
23386
23533
23419
23416
23512
23397
23524
23446
23404
23575
23455
23436
23569
23414
23585
23473
23471
23567
23466
23430
23565
23476
23563
23464
23464
23592
23508
23458
23594
23467
23589
23493
23482
23558
23541
23453
23606
23469
23620
23502
23501
23629
23531
23553
23597
23518
23642
23540
23535
23705
23557
23507
23710
23505
23614
23579
23552
23660
23585
23566
23656
23538
23676
23567
23585
23675
23540
23545
23732
23589
23667
23619
23587
23690
23571
23610
23686
23560
23696
23631
23605
23721
23612
23604
23736
23639
23764
23650
23624
23762
23645
23632
23765
23654
23759
23689
23645
23814
23698
23643
23817
23665
23783
23681
23630
23757
23680
23631
23789
23635
23807
23707
23638
23807
23675
23694
23781
23708
23759
23739
23707
23799
23753
23713
23809
23689
23838
23754
25422
23892
23794
23737
23844
23731
23866
23772
23779
23826
23778
23720
23873
23686
23838
23785
23757
23906
23829
23733
23903
23743
23903
23821
23728
23955
23822
23769
23891
23765
23917
23849
23834
23934
23802
23784
23965
23796
23937
23813
23768
23912
23870
23856
23980
23821
23943
23818
23817
23965
23885
23850
23936
23809
24016
23899
23825
24013
23883
23838
23998
23862
23992
23939
23853
24019
23949
23902
24001
23878
24055
23948
23871
24100
23935
23886
24038
23900
24027
23969
23938
24037
23931
23941
24044
23891
24089
23937
23916
24112
23978
23961
24027
23892
24003
23985
23977
24076
24001
23991
24082
23955
24089
24006
23929
24134
24019
23969
24133
23958
24110
24018
23960
24105
24021
23980
24131
24018
24108
24013
24019
24118
24017
24032
24119
24009
24126
24030
24031
24108
24082
24010
25472
24074
24193
24128
24055
24160
24084
24052
24206
24024
24201
24099
24091
24164
24097
24125
24160
24033
24202
24100
24052
24254
24118
24101
24205
24134
24227
24166
24134
24226
25204
24119
24253
24150
24271
24162
24108
24298
24223
24151
24353
24173
24287
24205
24150
24280
24202
24161
24319
24145
24346
24189
24153
24324
24217
24167
24316
24178
24303
24248
24169
24362
24235
24188
24335
24205
24316
24282
24219
24340
24241
24206
24391
24251
24309
24287
24239
24379
24287
24242
24359
24216
24366
24307
24209
24388
24373
24245
24405
24239
24387
24349
24252
24410
24316
24284
24381
24281
24402
24342
24301
24390
24357
24283
24446
24271
24414
24377
24307
24411
35041
25037
33808
24301
24421
24385
24301
24441
24391
24293
24485
24331
24423
24409
24328
24505
24390
24316
24457
25835
24547
24402
24321
24509
24451
24373
24480
24360
24508
24414
24401
24536
24442
24343
24524
24427
24474
24386
24354
24564
24445
24466
24544
24400
24510
24452
24418
24576
24478
24420
24556
24416
24562
24523
24452
24553
24499
24450
24589
24447
24567
24482
24468
24591
24529
24494
24592
24445
24576
34623
25246
25337
25244
25262
25341
25211
25406
25387
26549
30284
26124
29221
28243
31451
29315
28243
28377
30361
27753
28757
44757
53055
35094
28923
29446
29195
28568
30203
28818
45112
31934
27219
27550
28056
28849
25431
25466
25311
25404
25358
25330
25786
25469
25382
25661
25416
26029
29269
26728
29177
29585
28627
30990
26495
26728
27561
27980
27587
28823
29554
30215
27766
29938
31173
41373
31052
30960
27606
31392
43660
52978
41145
26570
28243
28001
28354
29302
29431
31321
30011
28863
31111
31466
31557
31447
27628
30418
41122
53306
41677
37292
28078
29174
29138
29866
29322
29931
31751
29301
36004
48456
28243
29994
32526
31043
30255
30355
35534
34385
35445
38595
49073
44615
42859
48502
34002
28148
28207
53749
65990
48881
42774
35556
45074
40769
27601
28862
31299
49594
69641
30190
27386
25032
24838
24926
24932
24809
25012
24878
24849
24943
24850
24979
34963
34407
24978
24910
24880
25014
24877
24969
24944
24872
32690
24987
24903
24979
24914
25026
24921
24935
25033
24852
24918
25016
24897
24993
24957
24920
25069
24967
24961
25042
24935
25011
24968
24914
25044
24988
24922
25037
24898
25060
25018
24934
25088
24977
24905
25059
24898
25085
29543
24983
25092
24981
24948
25100
24952
25119
24955
24996
25120
25063
24948
25096
25017
25146
25061
24975
25130
25044
25026
25142
24994
25131
25020
25068
25180
25056
25031
25177
25022
25182
25035
25070
