7855
5212
3950
3614
2835
2898
3591
2757
2816
3056
2807
2761
2689
2979
2732
2764
2639
2804
3123
2871
2852
2908
2783
2869
2735
2787
2648
2890
2657
2718
2819
2741
2788
2682
2629
2720
2687
2687
2663
2858
2744
2903
2596
2640
2581
2841
2609
2667
2598
2825
2777
2810
2861
2709
2672
2866
2878
2667
2720
2637
2603
2655
2706
2750
2608
2744
2576
2622
2526
3107
2609
2866
2530
2718
2749
2612
2758
2602
2569
2565
2556
2662
2607
2619
2495
2627
2495
2681
2589
3099
2677
2935
3191
2780
2967
2647
2685
2629
2633
2483
2613
2433
2644
2576
2661
2664
2440
2591
2597
2536
2735
2590
2637
2523
2623
2491
2521
2366
2525
2360
2643
2589
2551
2628
2619
2349
2508
2334
2535
2569
2905
2683
2760
2748
2935
2510
2508
2466
2483
2404
2452
2375
2517
2398
2348
2503
2555
2310
2515
2392
2461
2465
2546
2389
32230
4940
4979
4824
4745
4836
4741
4866
4547
4630
4784
4817
4824
4805
5066
4896
5189
10614
5278
5411
5276
5162
5683
5689
5345
5370
5351
5398
5062
4990
5284
6795
4865
5231
5309
5214
5986
4991
5126
5710
5861
5216
4936
4889
5008
5090
5210
5264
5449
5208
5691
5303
5385
5425
5479
5071
5518
4997
4879
5068
4807
4853
4672
5019
5301
5077
4813
4763
5035
4712
4679
4839
4957
4755
4774
4648
4873
4807
4657
4673
5116
4912
5372
5140
5381
5262
5115
5472
5342
5232
5267
5232
5202
5430
5131
5273
5391
5077
5263
5278
5047
4839
4712
4715
5075
4946
4820
4786
5124
4636
4389
5014
5479
4562
4720
4469
5440
5640
5128
4847
5090
5432
5451
5262
5003
4611
4461
4392
4771
4605
4684
4763
4524
4495
4541
4763
5212
5145
5007
5166
5120
4930
5315
5108
4889
4639
4496
4602
5194
4948
4994
5153
4857
5064
4757
4382
4528
4523
4737
4773
4429
4534
4528
4188
4378
4410
4285
4389
4265
4387
4282
4422
4210
4190
4471
4548
4379
4389
5385
5058
4381
4320
4516
4250
4505
4303
4249
3861
18889
4232
5507
3938
3883
3773
3998
3859
4087
3785
3931
3893
4454
3645
3807
4056
4385
3777
4782
4148
4051
4347
4202
4248
3990
3895
3999
4005
4017
3915
4472
14398
4469
3956
4111
3835
3956
3533
3438
3531
3796
3432
3732
3540
3741
3608
3690
3646
3781
3674
3397
3400
3351
3296
3659
3448
3726
3557
3568
3530
3356
3571
3394
3492
3406
3429
3507
3534
3391
3235
3458
3501
3566
3577
3233
3336
3537
3193
3554
3470
3224
3403
3370
3230
3267
3216
3480
3300
3376
3473
3180
3300
3273
3435
3328
3299
3170
3383
3492
3214
3629
3851
3337
3315
3536
3092
3389
3293
3068
3101
3171
3061
3250
3050
3127
3211
3075
3085
3071
3222
3195
3355
3098
3248
3009
3057
3129
3201
3121
3070
3053
3125
3156
3022
2983
3163
3204
3155
3241
3172
2941
3055
3083
3000
3276
2842
3362
2883
3113
3026
3143
2891
3271
2798
3474
3281
3486
3758
3144
3072
3533
3353
3571
3271
3207
3457
3807
3803
3808
4088
3733
3632
3112
3378
3392
3125
3365
3536
15589
3804
4065
3811
3594
3625
3673
3608
3321
4015
3186
3691
3830
3365
3655
3640
3448
3697
13215
3741
3522
3838
3195
3562
3180
3281
3140
3085
3195
2959
3380
3034
3057
3283
3001
2862
3013
2873
3270
3464
2781
2849
2823
3437
3187
2885
2758
2722
2753
2965
3085
2574
2580
2620
2686
2884
2848
2847
2845
2688
4005
3222
48518
3681
2769
3081
3520
2943
3224
3064
3537
4100
3535
2862
2594
2563
2667
2631
2473
2524
2622
2475
2416
2406
2536
2384
2699
2511
2454
2574
2673
2337
2421
2618
2782
2355
2528
2456
2371
2564
2602
2460
2516
2456
3496
2564
2466
2186
2254
2446
2501
3057
2321
2304
2429
2714
2448
2760
2768
3214
2739
2245
2395
2513
2321
2446
2378
2037
2178
2023
2155
2030
2097
2129
2155
2081
2045
2032
2127
1965
2151
2015
2066
2077
2081
1990
1980
2047
2093
1996
3062
2067
2013
2036
2093
1872
2012
1958
1931
1838
2044
1947
1873
1842
2083
1834
2021
1868
1933
2025
1908
1828
1838
1824
1887
1904
1859
1923
1882
1878
1840
1754
1929
1834
1751
1910
1780
1772
1853
1762
1768
1871
1862
1764
1706
1768
1734
1693
1751
1796
1726
1715
1717
1645
1758
1601
1869
1716
1782
1661
1682
1726
1666
1700
2091
1694
1559
1728
2458
1788
1678
1574
1726
1540
1561
1525
1584
1576
1627
1601
1774
1777
1652
1676
2040
1599
1589
1595
1627
1627
1570
1591
1627
1487
1488
1437
1860
1455
1462
2053
1591
1437
1529
1576
1428
1519
1392
1498
1431
2437
1506
1340
1526
1480
1413
1413
1538
1375
1416
1422
1500
1312
1422
1363
1302
1425
1378
1272
1369
1279
1243
1243
1281
1323
1245
1200
1306
1273
1329
1640
1219
1245
1196
1176
1503
1254
1215
1169
1492
1183
1161
1163
1203
1155
1323
1220
1224
1226
1122
1084
1711
1161
1104
1205
1096
1110
1116
1133
1109
1080
1147
1056
1064
1063
1179
1068
1365
1083
1043
1003
1043
1038
1068
1032
1026
1057
985
965
1128
1249
982
939
1021
982
962
971
998
876
918
920
960
893
895
870
1005
858
1506
906
1325
914
939
910
855
891
859
868
1845
793
842
855
852
794
844
772
3287
844
874
789
823
818
806
752
791
809
1308
743
715
787
730
766
1080
755
673
716
1012
719
705
764
755
663
1696
673
650
701
622
686
716
651
595
618
652
648
614
601
623
616
604
730
583
646
537
570
569
595
536
540
500
521
555
523
538
582
512
504
504
562
494
462
509
534
463
457
542
435
487
397
434
441
519
378
471
454
517
386
429
443
357
319
453
325
323
300
323
287
267
263
290
325
279
250
494
299
224
230
271
226
217
226
201
197
210
