3257
3411
3015
2762
2851
2752
2993
3231
3158
4080
2933
2681
2713
2627
2713
2634
2677
2626
2674
2623
2694
2623
2680
2658
2726
2608
2662
2632
2668
2592
2648
2580
2665
2571
2665
2583
2607
2563
2715
2718
2707
2576
2679
2582
2690
2601
2710
2570
2688
2560
2666
2644
2658
2529
2704
2521
2653
2545
2635
2522
2670
2519
2640
2515
2659
2487
2625
2507
2670
2626
2611
2481
2605
2474
2611
2528
2569
2467
2597
2457
2602
2480
2559
2457
2561
2462
2575
2454
2548
2433
2586
2433
2562
2426
2557
2419
2521
2422
2527
2432
2628
2409
2544
2432
2547
2531
2542
2377
2562
2447
2603
2415
2605
2370
2523
2394
2522
2369
2514
2388
2490
2411
2580
2354
2479
2341
2532
2438
2464
2350
2466
2687
2469
2324
2435
2318
2444
2336
2446
2387
2601
2346
2427
2328
2608
2312
2593
2292
2426
2295
2463
2320
2505
2334
2415
2290
2464
2394
2397
2255
2392
2340
2372
2370
2493
2227
2387
2421
2549
2380
2389
2449
2366
2301
2345
2269
2354
2222
2402
2245
2420
2247
2352
2263
2479
2309
2448
2270
2324
2223
2324
2247
2306
2174
2360
2430
2951
2374
2615
2341
2415
4044
2472
2235
2251
2162
2288
2156
2268
2149
2320
2230
2262
2120
2251
2130
2302
2132
2245
2156
2213
2188
2403
2145
2228
2112
2220
2135
2279
2227
2257
2200
2367
2471
2249
2116
2250
2211
2214
2131
2240
2080
2186
2102
2202
2058
2196
2103
2301
2051
2171
2134
2243
2013
2269
2098
2219
2032
2139
2109
2214
2036
2136
2049
2232
2237
2287
2008
2144
2055
2330
2021
2170
2066
2090
2017
2098
2015
2077
2053
2038
1995
2063
1975
2025
2076
2072
2012
2183
1936
2054
1976
1999
1938
2056
2133
2002
1939
1983
1937
2208
1910
2014
1919
2839
1933
2080
1969
2033
1893
2062
1908
1980
1888
1964
1885
1972
1868
2007
1880
2074
1934
2084
2933
1953
1846
1951
2103
1924
1834
1927
1892
1895
1822
1954
1866
1951
1801
1878
1817
1895
1837
1946
2262
2015
1806
1881
1815
1870
1834
1878
1808
1920
1779
1928
1783
1891
1764
1883
1903
1889
1767
1845
1818
1818
1843
1777
1844
1753
1920
1779
1953
1729
1900
1762
1806
1723
1845
1774
1871
1708
1797
1730
1842
1714
1836
1710
1776
1698
1814
1709
2026
1695
1780
1685
1823
1661
1824
1669
1792
1656
1774
1671
1772
1664
1774
1685
1745
1658
1764
1689
1709
1726
1695
1659
1722
1653
1721
2093
1620
1633
1627
1652
1635
1631
1609
1639
1583
1607
1563
1610
1582
1610
1608
1626
1558
27943
1858
1868
1557
1574
1595
1584
1603
1549
1531
1565
1527
1551
1594
1578
1515
2168
1525
1563
1519
1524
1507
1597
1559
1566
1483
1516
1502
1525
1470
1522
1482
1495
1469
1515
1450
1468
1452
1503
1443
1464
1443
1491
1577
1483
1446
1481
1456
1445
1452
1451
1427
1429
1463
1439
1407
1414
1418
1424
1439
1432
1419
1413
1406
1397
1561
1424
1380
1480
1369
1471
1362
1377
1762
1379
1376
1386
1368
1382
1359
1358
1332
1374
1388
1389
1618
1371
1384
1337
1367
1345
1337
1358
1324
1337
1362
1313
1371
1355
1313
1318
1296
1383
1343
1292
1277
1313
1293
1284
1282
1303
1279
1271
1261
1302
1249
1272
1272
1266
1357
1253
1243
1382
1267
1379
1242
1261
1230
1233
1225
1301
1219
1221
1206
1235
1211
1213
1282
1257
1200
1239
1194
1221
1185
1272
1185
1213
1170
1311
1172
1192
1221
1173
1166
1195
1164
1202
1185
1173
1203
2192
1189
1299
1164
1204
1177
1387
1886
1403
1307
1482
1115
1140
1255
1137
1114
1101
1103
1137
1090
1092
1119
1107
1090
1081
1095
1129
1095
1096
1075
1105
1070
1309
1151
1106
1228
1486
1212
1096
1044
1035
1040
1064
1036
1050
1031
1057
1020
1028
1014
1051
1007
1012
1002
1028
989
997
1032
1009
1013
1001
983
1015
1033
984
977
987
966
967
951
967
942
971
946
1079
942
969
949
968
939
947
936
968
903
944
953
940
936
931
924
1088
943
917
926
936
897
903
904
2289
912
898
900
926
883
899
878
1917
1199
935
952
923
884
1165
1205
868
1735
863
837
850
1583
855
866
882
888
864
856
851
839
837
819
820
1070
811
811
805
882
805
783
1784
824
816
834
804
811
781
781
781
1387
768
773
773
770
756
761
1196
847
1460
803
798
800
759
779
757
736
749
729
747
725
728
715
1199
700
730
700
716
701
719
681
717
1147
698
690
688
685
696
675
694
664
683
662
682
659
662
654
1124
1169
699
649
652
635
658
629
673
628
644
623
640
621
635
607
981
1093
602
600
617
603
597
599
608
577
1638
584
605
575
598
570
598
574
588
561
584
557
576
550
1005
549
546
540
547
530
534
531
535
528
526
1641
512
514
521
511
515
560
525
490
513
700
485
518
479
770
968
472
493
729
1572
486
473
479
466
467
478
455
451
465
440
446
722
426
454
405
425
440
716
408
395
414
444
387
401
445
391
421
384
407
397
368
383
408
365
395
367
375
379
355
352
386
379
406
335
352
377
340
366
332
361
363
319
329
392
309
346
307
353
339
303
300
356
286
337
283
347
1067
277
274
338
265
311
268
330
278
258
256
321
242
294
245
289
268
232
239
306
230
280
225
280
238
221
225
336
205
282
203
253
212
198
203
270
183
232
184
231
201
175
182
348
311
155
175
220
193
153
134
229
127
133
137
794
116
113
113
484
107
108
108
97
148
101
94
94
88
95
93
90
95
85
