27638
38989
36733
47775
26025
25836
25460
26849
26017
25167
27770
26435
28003
26933
25936
27576
27085
26912
25809
25213
25682
34240
40552
26228
27314
28458
27326
28048
26348
25856
28800
27439
27195
28277
26100
26489
27040
26107
26840
27409
26812
26954
27015
26056
28647
27102
28156
25915
26454
28762
26701
29719
31085
30281
27311
27438
26777
26791
27437
28538
28467
28739
26021
26518
28695
25902
26007
27843
27516
26554
26437
28691
26511
28536
27829
25721
28604
26492
25759
26137
28318
28212
27461
27986
28566
25797
26127
28477
28254
25724
27463
26142
26440
28305
28159
27621
26951
26154
26231
28279
27572
27854
26935
28077
27211
26025
26419
58466
27503
27180
27405
27615
25989
25968
28354
26138
27387
26212
26161
25962
27633
27584
27915
28214
28057
27784
26609
26445
27263
26367
27045
26552
26740
28324
26752
27184
28509
27551
25911
27026
27958
28193
27431
26734
27442
26662
27316
27882
27201
28468
27510
27321
28475
27033
25799
26397
25686
26429
26921
26774
27453
27976
26264
28252
26776
25840
27283
26977
26005
27467
27366
27918
25656
27966
25599
25468
25598
26528
25657
25723
27724
27691
28307
27796
27368
27403
27458
26514
27997
25627
25623
26810
27773
27432
28455
27341
26779
25671
27241
26158
25910
26089
27547
25990
25743
25973
27580
27291
26496
27305
27895
28110
28182
27273
27634
26975
25643
26919
27509
28268
25501
25591
27078
27901
27658
27329
28049
25910
27499
26416
26139
27293
26100
28074
27757
27055
25974
26502
26765
26484
27449
28246
26936
25526
27829
25213
26296
26827
27161
26970
27516
25352
26303
25876
25466
25610
27553
27512
27326
25995
26814
27370
27890
27386
26200
25688
25266
25406
27927
25643
27279
26357
27283
25937
28059
27642
27841
25177
25458
25216
27445
26686
26552
25100
27102
25675
25466
25790
27616
27693
27349
25107
25857
25372
26598
27505
26564
27371
26554
27253
25849
26428
27831
27863
25618
25560
26505
27862
26182
26390
26910
26059
25542
26627
27794
25736
27362
25950
27990
26065
26721
25408
26845
26617
25831
27605
27061
27694
25629
26658
25183
26890
25965
26208
26392
27887
25395
27652
27845
24977
28005
27817
25461
28749
27283
27078
25598
24267
26989
25364
25004
26462
26142
24707
24663
25171
25585
25867
24876
24427
26652
24291
26447
24743
26548
24251
27007
24764
25328
24167
26084
24350
27091
25360
26258
26351
26221
25160
25774
24878
25801
24992
26850
24370
24440
26085
24877
26597
25547
24545
25199
26899
25613
26940
26249
25317
25546
26500
25401
24657
26592
26049
24518
25380
26708
24504
24859
26370
26921
24997
24799
26635
26945
24846
25922
26564
26060
24485
26318
24323
24719
24687
26954
26900
26220
25074
25012
26770
25204
38166
25530
25293
26409
25517
39572
26107
24507
26490
25264
25113
26364
25440
24439
25558
25014
24955
26367
25663
24094
26313
26742
25458
24798
25989
24294
26393
24126
24760
25219
25333
26110
25400
25080
26432
25557
25998
47588
25255
25673
25563
26028
25600
26254
24347
25373
26572
25473
26752
24304
25481
25303
26278
26027
24544
23941
25678
24121
24479
25802
24901
26411
25715
26750
25377
24205
24545
25056
24439
24318
25785
25366
24196
26421
24256
24961
24422
26094
25531
25227
23845
25732
24746
25950
24983
25783
24945
25690
24274
24970
26469
25780
25587
25678
25767
26283
26253
24200
24918
26417
24083
25275
26025
24399
26473
24137
24800
25972
24822
25528
23737
26127
24639
25474
24790
24352
24563
24192
26515
25304
25821
24953
24308
24964
24791
25173
26210
23856
26007
24874
36458
24597
26970
34327
24806
24596
25773
25787
24988
24061
25065
25583
24127
25486
24215
25344
23891
26338
24407
25479
23906
24023
26001
24128
24311
26408
24355
25190
23923
24223
23646
37700
35771
24557
24305
25295
26379
24538
25630
24999
25550
23721
24849
24823
25613
23775
24681
24849
24403
24960
23804
26492
26199
24839
24275
34919
24432
25902
24464
25868
24897
26252
24683
26636
27143
27133
25881
26833
24560
24872
25672
26727
25727
26182
24668
24426
26764
26168
24521
26899
25004
26334
26391
26355
24554
24663
25753
26645
24438
25072
26109
27056
24669
24250
26841
27076
25704
25018
25417
24342
26125
26331
26954
27204
24412
25078
25689
26383
24523
27000
26610
25421
24573
25154
24552
24380
26220
24207
25382
24296
25555
27222
25634
26372
24729
26557
27509
27997
27419
28286
28386
28840
28956
31294
32837
31430
27893
30015
27048
25334
28446
29067
28659
27814
28620
28215
28419
28288
28408
28029
39003
30913
28807
28417
27332
28415
28232
28684
28639
28639
28041
30090
27129
28224
28574
28961
30671
30348
30663
33343
31951
27971
28433
30268
28372
27577
28829
30956
32717
31476
32218
31271
32103
31765
31158
31996
32078
32365
30182
34360
34203
29926
31302
34585
32932
31508
31093
33348
27702
29647
29316
30669
31581
28662
28074
27809
27089
27241
27729
28665
29129
27106
28385
29234
30155
27564
27935
27056
28518
27525
26937
27064
26895
28649
28127
28576
28612
28436
28163
28758
28116
27624
30913
27821
28324
28267
27561
26979
28402
27824
28257
28663
29090
28640
27018
27440
28611
29375
28085
28714
28194
27945
27999
39863
28316
30454
31715
28735
30879
29619
30044
28700
28717
27191
26799
28240
27968
28043
28622
27395
28112
27693
28155
29818
28289
28234
27660
28361
27926
28844
30675
28859
30612
30359
50353
35503
38192
36868
32811
30918
33169
39120
34984
31453
33051
31227
34379
32439
32633
26901
32911
36706
32147
34409
30924
33955
30609
33565
34850
40846
36223
33855
32470
36058
34766
32195
34850
32685
37003
32555
35320
31125
34728
36134
37218
38142
29024
28571
30560
28173
31074
28988
31193
29389
30320
28041
27943
28058
28840
28409
28493
28097
36200
27753
29504
28487
27875
27891
28068
28283
28729
29394
29794
28976
29181
29829
29707
29422
28078
28004
29641
27905
29237
28453
27769
28019
29017
27786
27900
27797
32877
28479
30065
28533
30746
28377
30094
29755
30251
29173
27586
29532
28465
29122
28245
28033
27691
28842
29746
27545
27033
28787
28428
29227
29085
29357
30235
30247
29355
29824
29155
27684
27932
29715
28245
29063
27811
27467
27948
29377
27548
27451
27858
28601
28510
29182
28341
30134
28350
31031
29547
29997
27917
27657
28413
28182
28628
28027
28023
27526
28108
30149
27328
27062
27887
27875
28454
30166
28980
30142
28646
30604
29955
28195
28239
33692
37881
26837
26695
28394
26774
26663
27145
28732
27121
26623
26832
26757
27286
27897
28359
29335
29193
29393
27880
28143
27784
26506
27185
26901
27611
27857
27126
26644
27230
28956
26439
26247
26932
26621
27964
28547
27678
28861
27936
28850
28240
28160
27841
26303
26981
26813
27473
27004
27196
26694
26802
29014
26371
26431
26536
27360
26985
29214
27191
63584
30227
28883
29348
27598
27749
27321
37930
26983
26825
26516
26558
26755
27972
26948
26455
26454
26622
26548
27345
27300
28811
28042
28949
27159
27830
27420
27314
26392
27363
26527
27370
26305
26841
26466
27414
27005
26674
26233
25787
26038
26883
26523
27052
26629
25963
27354
42756
34587
27773
36370
25307
25250
23466
22970
25351
23393
24041
24666
25327
23447
23563
23533
22982
23278
25113
23619
25436
23506
23367
24714
25571
24903
24902
24338
24965
23239
24470
23062
25167
23871
25101
25209
25088
25384
24179
22942
24106
24163
23077
25503
23240
24610
23586
23979
23555
23645
24451
24322
24338
22938
24769
25271
24405
24747
22787
23195
24725
24724
23139
23163
24345
25601
25314
26869
28069
27435
27470
27845
25052
26677
24990
24067
23993
22936
25090
22934
22877
24627
23764
23354
25405
36222
26422
25119
25251
38106
25946
27924
26288
26697
27202
25199
26913
27171
26069
27632
27464
25079
26586
27111
27096
26822
25221
26835
26599
25411
26270
24288
24724
25364
26470
25412
26394
25176
26041
25930
26179
65131
26100
25492
29203
28457
29012
30292
29519
29089
29496
30085
29169
29658
30557
29781
30103
29973
28519
29725
30243
28444
29301
29349
28203
28815
28114
28912
28673
31753
29257
30546
31719
28145
29272
30491
29400
29405
29913
29183
30346
29372
28937
30153
30855
30124
28573
29494
30550
28816
28815
26034
25587
28647
28571
30224
29755
31488
30316
30919
32676
29679
30927
28415
29861
29215
29083
28913
29319
28558
28781
28458
28996
29372
29869
28610
30126
29837
28764
29115
30014
28706
28485
28996
30269
28008
29503
30330
30029
28314
29454
28731
27906
29148
30429
29556
31452
29178
28936
27305
30622
27333
30647
59539
32443
29998
29409
29642
30178
28918
28676
30352
29382
30758
30208
30490
31227
29355
32821
30470
30966
33122
30080
31196
30646
29212
29681
26652
25947
26426
25842
27917
27353
27517
25906
28314
26045
27022
29327
29627
28432
26028
30796
27161
26661
28518
28253
29262
29912
25250
26945
25775
25796
28759
28804
30206
28234
29512
29755
27881
28152
29719
29194
28167
28770
29717
30468
31218
30177
27906
26668
26612
25430
23443
25501
28358
28659
26993
27272
31324
25849
26793
31407
28420
26044
25278
28146
28095
31093
34304
27192
28890
30248
26126
25453
26785
29639
25750
27948
25278
24862
25107
66225
28270
29717
27867
25840
27891
26803
29596
26590
31563
32684
28172
27149
25988
28471
26800
26456
25144
24017
25535
26330
25226
25011
22861
22922
23107
23781
23057
24454
24636
24223
24511
22345
22679
23327
22835
22956
22252
24067
23417
24446
23527
23894
22768
24097
24165
24478
23533
24886
23995
24171
24528
23175
23242
22593
23828
23846
23946
24475
23102
22339
24625
22226
24699
24673
22388
23739
22838
24475
24864
22180
23393
22940
23461
22815
24123
24541
24312
24010
24176
23288
23105
24022
23306
23753
23409
23294
23380
21972
24737
24774
22628
24480
24425
22330
22611
22417
23722
23020
22128
25294
22433
22730
25910
25037
22101
24558
23358
24140
23810
24187
22765
22932
24305
22992
23046
22581
22160
23013
25216
22366
22334
23578
23727
22914
51983
22952
23014
22700
24036
23624
23372
23828
22546
23569
23862
25426
22980
23296
24671
22908
23222
22740
22630
23175
24277
23158
24022
21851
21799
23905
24477
22180
24030
23919
22649
24327
24021
24209
22103
21946
23732
22341
23146
22727
24243
23224
24309
22894
21915
22056
22088
23820
23076
22490
21870
22434
22134
23614
22023
23635
23164
22430
22316
23697
24032
22865
21750
22278
23106
23111
21967
22189
23282
23394
22407
23691
23491
23185
24026
22029
22321
23248
23535
22342
24095
23004
21659
23438
23990
24008
23425
23204
22050
21810
22808
23859
22113
23738
23714
23818
23236
22839
21786
23348
22130
21620
24101
22330
22084
23457
21808
22790
22873
21639
22279
22995
23182
22344
22278
22839
21924
23747
21822
23001
21793
22883
22301
23080
22116
23201
23669
22430
21979
22764
22308
22345
23421
22958
23018
31920
22190
23300
22547
23257
21654
21993
22679
22461
22725
23055
22049
23420
32285
23287
22658
23338
23047
22938
21630
23552
21489
23591
23831
23788
23282
23127
23847
22657
21728
22919
31114
22779
22043
20820
22849
22756
21181
22477
21695
21359
22741
22322
21926
22639
22489
21515
22099
23049
22634
22059
21478
22084
23047
21252
21320
20971
21001
23003
22326
22284
22144
21137
21222
22046
22327
23177
22427
23007
21290
23166
21730
22209
21061
22586
21961
21616
22665
21568
21857
21624
21618
22151
21885
22135
21546
21792
20699
22848
22596
22454
22627
20799
22301
20617
21992
22879
21919
22893
20613
22013
21063
23034
21144
20835
21391
23041
20759
22399
22066
21840
21348
20878
21576
21043
21238
21048
20891
22003
22013
21603
22120
22535
20697
22760
20684
21927
21809
22548
22011
22681
21069
20737
21851
22857
22055
21251
21741
22830
20760
22613
35446
21209
22050
22812
22685
21960
21536
21905
21760
22616
22718
23294
23518
22393
21992
23079
22729
22848
22055
21889
22891
22839
21253
22343
22220
22851
21974
22246
23422
21562
22687
23355
22468
21605
22665
23311
23436
21984
22036
21579
22984
30554
21138
20857
20703
22220
22123
20869
22557
21214
20750
20931
21804
20950
21214
21771
21137
22265
21790
22756
20872
22442
20464
20919
22791
22456
21068
22451
22442
22770
21880
21463
21516
22278
22235
31940
23116
32385
22506
22687
21982
22113
20505
21237
22354
23661
24636
24484
24724
21176
21561
20963
20746
21415
21281
21118
21332
22042
20284
21097
21067
20761
20730
22105
20996
22465
21162
21974
21126
20693
21246
20874
22639
22581
20637
22230
21476
20982
21149
21116
21207
20905
20914
21159
20767
21520
21352
21349
21121
20689
21507
22050
20289
20941
20636
21704
21011
21521
22284
20571
22266
20646
35698
30337
22220
22428
20351
21170
21564
22277
21485
21810
20704
21734
22454
21616
21100
21582
20171
20425
21158
21954
22025
22205
20109
21142
21781
20172
21677
21679
36186
22979
20831
21862
21166
20108
20919
21776
21431
21341
21120
20177
22330
20584
21730
22037
20708
22400
21498
20775
21289
20320
20587
20676
20080
22121
21621
20549
20563
20575
20266
20508
21632
20469
20867
20348
21430
21538
22350
21752
20408
20949
21036
20163
22287
21971
20549
21051
20549
21370
21527
20795
21153
21894
20953
20031
22176
22136
20693
20647
19930
21219
20294
22251
22048
21395
22177
21609
22199
21845
19888
22164
21128
21634
21367
20387
21976
20408
21570
21535
21269
32225
29414
28289
20747
21081
21601
21336
21906
20293
19885
21039
20971
21785
20566
21431
21328
21875
21263
21613
21667
21547
21479
21175
20328
21423
21778
21818
22152
20588
21784
20182
21206
22090
21314
20568
20085
34498
30054
21140
20071
21523
21205
20780
21711
19835
21450
21630
21047
20348
20931
21027
20430
21231
21358
19917
21829
21041
21253
19783
21355
21672
21534
20008
21522
22039
21935
20537
21085
23068
33000
21565
22050
20852
20853
21862
21411
20644
21792
21354
20580
20749
21294
22143
22023
21075
20852
22353
23664
23465
24067
23773
23909
22308
24335
22727
23272
23200
23065
22428
23095
23929
22719
24025
23170
20994
23111
22762
23181
21473
21616
20242
21438
21977
22569
21245
21645
21367
21642
20387
22192
20575
20597
22320
22559
22003
20692
21934
22317
20772
21715
21311
21846
21416
20569
21901
22060
20615
22043
22136
22181
21333
21732
21735
21311
20081
21560
22468
20879
22196
22377
22104
21993
20682
20042
22351
20055
21221
21508
22768
23801
22596
22264
20304
21094
20163
20936
21258
21642
21249
20656
20285
20984
22286
20652
21441
21564
20022
22373
20846
27613
23153
21696
20785
20996
22419
20450
21774
21329
20961
20202
21442
21080
21612
20496
21833
20826
20624
21860
20448
20585
20512
21445
21341
21480
21965
19910
20743
21151
21871
20175
21322
20077
20673
21063
21391
20092
20972
20969
22181
20489
21216
19966
20786
21765
22191
21902
20623
21183
20663
20598
22210
20499
21302
20143
20208
22175
21251
19991
21273
19923
21217
22157
22119
21386
21707
21870
19941
20981
23666
20812
20611
19909
21237
21809
20897
20355
21515
20649
21605
21152
20462
20345
21685
20274
20129
20256
20691
21846
20076
21959
20645
21691
22631
23865
22712
23312
23812
23038
22589
20548
21544
20884
20667
19867
21867
21713
22283
22957
22098
22511
22523
22075
22386
22264
24572
23085
22112
23017
24155
21644
20436
21779
21973
21863
19729
20016
21679
21235
20100
20452
21326
21654
20863
20936
20112
20111
20480
21461
21821
22943
23252
23154
23325
22478
23965
30193
21395
21022
21603
21254
20846
21425
20067
19920
20559
20691
20355
20191
21523
20759
21661
20490
20819
20030
21197
21828
20370
21144
21067
22062
21406
21639
20850
20890
20640
21111
21861
20636
21873
22556
20320
19838
19798
20753
21671
20858
21817
21907
22333
22491
21586
25483
24936
26419
25330
22554
23483
23389
23076
22932
24431
22828
23531
21241
24785
22231
24259
25007
20591
19563
21169
19828
20292
21101
19840
20279
20352
19923
20371
20477
21462
20680
19665
19881
19518
20054
19694
19459
21264
21163
20515
20751
21409
21608
19635
20897
20476
21359
20612
21094
19520
19716
20782
20525
21408
20807
19536
21049
20095
21643
21072
19892
21220
21557
19596
20798
20840
20283
21626
20369
21007
20044
19682
21959
22198
19785
20052
21504
21516
19379
20207
22049
19775
19952
19949
19882
20606
22050
21909
23722
22054
21689
24748
22933
22861
21780
22993
23143
75546
22380
27926
21935
24299
23695
22933
21612
21442
22175
23801
21963
21419
20858
21554
23947
23645
23429
23169
23680
23041
22503
23397
23459
22420
22607
23796
24816
23855
24325
22119
24510
23871
26025
24573
25929
25022
24452
25378
24108
25058
25545
24373
24260
23604
21762
21907
21446
21190
23306
23027
24130
25377
24688
24899
23015
24485
22950
21767
22765
20274
19334
20454
20527
19794
19449
21139
20311
20721
21189
20301
20545
20966
21705
21210
22001
21302
19265
20317
19964
21338
19193
20927
20943
19927
19700
19884
20666
19095
20031
21285
19475
20942
19446
19783
21051
21108
20238
19946
19288
20645
20166
19363
19323
20427
20161
19986
19334
19009
21269
20102
20009
19628
19727
19490
21150
19280
20097
21035
20378
19365
20112
20703
20300
19509
20609
20313
20767
19498
21147
20162
19500
20499
20182
20246
73178
24105
20940
19148
20138
21129
19495
19385
19153
19428
31425
20563
19714
21199
21119
20510
21459
22983
21046
22599
22137
24596
22925
21979
40539
22962
23739
23546
22118
23890
23142
23678
23603
23869
24188
23207
23176
23430
22115
22205
21925
20797
21473
20486
20034
18757
20201
19184
18476
18687
20355
19076
19922
20017
19720
20343
18256
18858
20221
19052
18284
20336
18333
20045
19583
19324
20052
20384
18239
20030
20180
19580
18425
19084
19354
19060
19021
20145
18458
20038
18247
19787
19404
18247
19449
19811
19003
19759
19011
19193
19863
20157
19676
18985
19003
18368
19567
19850
18922
18504
18640
18276
19661
18334
19793
18366
18741
18219
19722
18981
18749
19090
19651
18828
18217
19426
19361
19914
32330
20248
20090
20370
20256
20038
20265
20041
19657
20208
20149
19096
19831
19272
19093
20402
20200
20455
20835
20742
20247
18901
20462
20193
19005
20133
19184
20782
27586
19971
19533
19275
19832
19920
19878
19718
18815
19549
18576
20696
19809
19454
20549
19744
18576
19633
19579
19242
20202
20335
19217
19831
20669
20297
19270
18771
18844
19087
18906
19294
20399
19997
18498
20827
19676
20695
18551
19850
20142
18665
19224
18508
20620
20439
18496
19872
18695
20101
19992
19675
19604
20308
18850
18760
18414
18785
18455
19833
19463
19970
19887
18948
20492
19095
20165
19668
20521
19491
18369
20141
19729
18433
20269
20566
20516
20213
19695
19192
19906
18443
19058
19142
20516
19865
18801
18986
18343
18949
20179
18669
20234
18945
20101
18609
19531
19805
20207
19954
20015
19359
18639
20230
19171
19877
19086
18675
19566
19432
18740
19160
20464
21754
18333
20083
19100
19286
21009
21991
22809
20201
22542
20928
19517
19200
20171
20406
20321
19750
20186
19964
18177
19946
20165
19719
20095
18939
19755
19524
18269
19495
18357
18677
19598
18732
18760
19361
18590
19093
20157
19235
18658
19518
18320
18971
19715
20280
18223
25644
28045
18619
18484
19371
17594
19345
18712
19070
18924
18039
18469
19171
17587
19594
18917
18246
19044
18654
19648
19044
18370
18163
19530
17920
19587
19366
18029
18140
18361
19630
18760
18183
17937
19233
18501
17992
19067
17854
18176
17697
18710
18118
18941
18978
18995
19449
18478
18091
18097
17583
19113
18684
18681
18510
18939
18979
18513
18241
17697
18289
18941
18776
18595
18142
17542
19309
19473
18655
19284
18220
18982
17755
17458
17845
17816
18891
19384
18746
17766
18439
17390
19043
18800
19353
18770
17477
19248
17497
18026
18292
18141
18083
18075
18696
18352
19465
18222
17841
17506
17898
17411
17539
18051
17965
17554
18223
18186
19342
19312
17738
17346
17909
18114
17888
19192
17735
17402
18356
17493
17862
18640
18221
19366
18647
18828
19187
18266
18330
19138
18909
17970
19260
18429
17715
17352
18371
17613
17600
17403
17939
18807
18810
19244
19108
17597
17626
18927
17912
18805
19345
29836
17985
19459
18534
19286
19420
19575
19671
19551
18562
17720
18588
17957
19566
18903
19249
23162
27514
17885
18987
18492
17303
17352
17669
19267
18278
17579
17704
17623
17587
18065
18684
17887
17980
18330
18943
29568
20569
19037
19662
28680
17797
18163
18647
17477
17306
19097
18425
19026
17134
17754
18121
18898
19036
17306
18708
17572
17581
17510
18889
18815
17173
17107
18125
18440
17497
18229
17308
17915
17916
18516
18252
18747
18987
17626
17109
18077
18508
18137
17352
17586
17899
18977
17214
18617
18785
17111
18276
19000
18094
18242
18679
17092
18260
19005
16956
17661
18923
18802
18866
18585
17119
17299
18753
18151
18549
18370
18851
17841
17198
17734
18424
17747
17336
17986
17166
18888
18009
18118
18780
17249
17682
18311
18689
17560
18716
16973
17350
17142
16913
17894
17381
17732
18009
17720
17770
18275
16949
18452
17994
18312
17496
18884
17531
18797
17382
18072
17643
17217
18312
18448
17548
18830
17772
18721
18500
18596
18482
18374
17510
17651
17466
18258
16915
17801
16862
17345
17722
17826
18770
17807
17823
16908
17618
17625
18875
17096
17880
18093
18286
17966
18482
17057
18366
17958
32664
18982
18443
17999
18425
18175
19007
18477
19202
18002
17314
17950
18359
39679
18615
38594
17822
18236
17955
18626
18566
18123
18685
18332
20412
19197
17827
18314
18899
17980
20019
18021
17187
19187
18157
18395
19050
17903
17578
18953
18257
18717
18844
17825
17273
18775
18616
17518
17924
18831
20093
18718
18811
17543
17178
17812
19090
18522
18525
17715
18795
18186
18505
17540
18822
19358
20396
19538
18890
19404
18557
18065
17492
18133
19153
19024
17809
18163
19061
18703
18033
18593
17419
19063
17834
19990
17736
18509
17728
18183
17345
21266
20671
21005
19426
19453
21302
19989
20155
21075
20700
20458
20416
20091
20421
19914
20110
20296
20273
19132
18498
20810
20709
18850
21601
18241
18151
18014
17732
17175
18994
18980
18646
18150
17932
18950
17831
18036
17618
17246
19084
18915
17690
18784
17725
18426
17249
17236
17255
18508
18508
17367
18396
18080
17700
18102
17364
19310
17131
18114
18139
18770
18268
18233
17192
18672
17828
17836
17887
17311
26026
18953
17570
18253
16859
17750
18592
17692
17779
17657
17639
18363
18694
18444
16966
18119
18582
18031
18611
17459
18765
17233
17931
16904
17532
17264
17254
18000
17946
19546
17271
19244
17713
18395
18868
17216
18118
17578
17180
18525
18166
17272
17855
17629
17654
17710
16971
18110
17490
18190
18611
17657
18586
16687
17663
16863
18490
17182
17610
18205
16745
18637
18105
17578
17807
17019
17637
17407
17108
18501
17649
18088
18028
17030
17071
17114
17929
16776
18168
18293
17085
17245
17090
18024
17807
18462
17913
18009
16985
18002
18233
18235
18625
17746
17017
17149
17985
16929
18205
18087
18409
17438
17487
17888
18170
17308
18142
17918
16750
18348
17950
18402
17843
17240
17491
18003
18493
17186
16847
16947
18410
17536
17824
18124
18213
16918
18447
17541
16789
16717
17182
16668
18010
16928
17124
18670
17380
17126
16694
16478
17568
16777
17932
16627
17937
17330
17117
18422
17873
18435
17754
17263
16660
17498
18274
16763
16961
17282
16946
17129
16720
18255
18332
18060
18012
17922
16830
16890
18085
17611
17486
18254
17090
18321
17296
20845
16441
17753
17618
17733
17185
16659
17288
17311
18166
18306
17858
17265
17264
17636
17570
17439
17134
17875
17756
16559
16894
16743
16614
17663
16889
17388
16750
16964
18040
16375
17044
16909
17658
17233
17696
16858
17947
17915
16288
17229
17393
18022
18001
16338
17607
16740
17609
17212
17721
17823
17022
16402
17732
17947
17635
16506
16284
18025
17300
16263
16581
17554
16995
16564
17601
17944
17083
17503
16861
17900
17926
17155
16745
17854
17030
16643
17223
16477
17776
17578
17980
18002
18046
16748
16943
16568
17504
16881
17489
16177
17853
17392
16931
17579
17505
16138
16476
16688
17295
16833
17303
16801
16868
17766
17997
16223
16217
16172
17902
16305
16583
16287
16449
16216
16415
16143
17836
16276
17510
16744
16850
17700
17250
17354
17725
16829
17263
17814
16237
16052
16742
16655
17352
16418
17466
16857
16751
17778
16976
17388
16602
16336
17808
17431
16915
16669
17898
16556
17899
16664
16838
16045
17896
16047
17709
16861
17240
16447
16421
16408
17116
17317
16540
16123
16908
16900
16522
17082
17410
17428
17245
17383
16602
17516
16083
16950
16529
17443
16676
17673
19706
17790
16074
17634
16992
16956
17453
16091
17237
17556
16552
17232
16246
17565
16811
17651
16814
16677
16751
16984
17411
16186
17317
15894
17731
17739
17521
16222
16004
17371
16043
16949
16113
16335
16483
16530
15903
17407
16985
16079
16359
15954
16323
16470
15944
16039
17580
16787
16118
16388
16042
16556
16729
16293
17483
17024
16104
16030
16067
16259
16466
17592
16896
16955
17649
16513
16145
17553
17352
15727
17544
17129
17326
16440
16867
16642
16254
15777
17335
16612
16478
16972
17403
16773
16764
16432
17493
17504
17423
16807
16153
15786
15750
17182
16416
16570
17501
15932
15904
16136
17477
17438
17317
16129
16772
16135
16763
16181
16394
17510
15885
17121
16047
17380
17145
16968
16333
15892
15898
16365
15934
17056
17047
15767
15842
15904
16912
16990
16579
17246
16162
16280
16331
17189
17144
15911
16156
15910
16360
16273
16794
15592
16488
16269
16485
16180
16529
15799
15694
16664
16612
16005
15661
16443
16510
15908
17273
16674
15530
16206
16835
16715
16816
16944
16740
17279
16741
15772
16570
16737
17357
15956
15736
16998
15699
15986
15536
15628
15564
16970
16134
15925
15567
15775
15851
15881
18807
16129
16899
16907
16007
15897
15549
17216
16671
16440
16395
17244
16961
16788
17175
15459
15921
16793
16947
16023
15784
19690
17481
16913
17454
17061
16949
15936
25024
15555
15096
16702
16672
14877
15322
15428
14963
15825
15117
14940
15248
15945
16276
16429
16604
14928
16602
15370
16411
16188
15522
16139
15328
15082
16500
15390
15764
15739
15593
14884
15716
16416
14881
15098
16493
15451
16549
15864
16600
14912
16102
16276
16224
15099
15981
16268
16212
16075
16498
15106
16113
15951
16127
15414
16400
15396
15657
15958
16016
15534
16006
15731
16024
15761
16048
15161
15927
15097
16099
16475
15795
15650
15742
14875
16045
15424
15526
15974
27490
15332
15224
15318
15292
15923
15258
16595
16915
16864
15599
16572
16478
16281
15300
15346
15161
16509
16761
16419
16846
15813
15471
16786
15404
15663
15118
16106
16430
16575
15575
15226
16687
15508
15709
15964
16367
16396
16654
15737
15083
15786
16040
15140
16097
16024
15766
15814
16412
16455
16187
16286
15429
16011
15938
15726
15957
15223
15848
15682
15242
15118
15551
15026
15845
15296
15831
15404
15831
16955
16833
17161
15617
16374
16026
16459
16264
16492
16026
16216
15177
16440
16667
19534
24767
15791
14679
15025
16117
15058
14741
14997
15559
14909
16234
16216
15852
15738
15632
15788
16033
15113
15426
14923
15107
15085
15922
15579
15525
15844
16177
14971
15268
15574
15275
15763
14738
14411
15532
14780
15959
14590
14790
14892
15431
16032
15625
14454
15863
14425
15582
16026
16146
15888
15764
14980
14600
15871
14529
15953
15914
15190
15778
15492
15823
15359
16021
14922
15473
15570
15108
14811
15752
14451
14507
14409
16131
15642
14753
15111
15396
14684
16028
14536
15406
15287
14859
14834
14975
15317
14377
15523
15446
14663
14694
15719
14790
15264
14677
14805
14484
14453
15758
14662
14292
14554
15802
14691
15377
15451
15201
15579
14609
15839
14699
24219
15636
25524
15910
14439
15642
15021
14917
14749
14452
14677
14790
14495
14523
15024
15682
15232
15573
14903
15047
14363
14833
15117
14940
14681
14791
15066
14906
15291
15497
14633
14369
14746
14330
14657
15564
15344
14511
15278
15416
15151
15474
14273
14731
14910
14212
14783
14306
14522
14753
15291
14130
14254
14229
15636
14428
15336
14867
14215
15344
15276
14823
14424
14641
15367
15153
14253
14847
14206
14166
14875
14712
15105
15721
14532
14185
15117
14890
14352
14542
15389
14563
14328
15064
14989
14083
14133
14560
14379
14917
25787
24248
14887
14600
14909
15724
14927
15441
14774
15611
14905
14009
14552
14101
15379
14609
14566
15479
15148
14118
14515
15312
15564
14593
14368
14607
14800
14764
14874
14893
13978
15265
14208
14260
14271
15249
14824
15360
14015
13961
14056
14555
14055
14831
14128
15233
15448
14094
15353
14609
15093
15082
14466
14711
14955
14251
14567
14698
14578
15001
15214
15420
15411
14269
13994
14701
14223
14613
14032
14395
14362
13981
14929
13982
14552
14261
14740
13835
14697
14026
15289
14670
15282
15317
15210
13931
15006
14203
15438
15272
14773
13905
15004
15365
13806
14037
13961
15052
14523
14254
15046
14286
14732
15513
14245
14936
14484
15122
14065
14635
15245
14753
14651
14352
13918
15346
14684
15291
14717
14363
14614
14888
13929
14431
13991
15152
15088
14287
14696
15044
14784
14222
13883
14263
15259
14180
14918
13729
15020
15112
14247
14286
15209
13731
14276
15162
15224
13733
14495
14867
14511
14871
13722
14537
14227
13854
14593
14588
15063
14853
14680
14998
15176
14774
15130
14023
14983
13716
13909
14636
14408
14783
14058
14211
14655
14942
15054
13873
14927
14387
13715
14918
14398
14225
13948
14358
14507
13643
13843
15112
14096
13611
14158
14275
13921
14656
14909
14258
14605
14548
13943
13670
14937
14240
14005
13868
14206
14116
14266
16652
13867
13935
14621
14719
13506
14087
14822
14939
13514
13920
14551
14556
14898
13727
13677
14586
13861
13739
14672
14858
13570
14091
14003
14779
14627
14835
14366
14891
13537
13812
14626
13626
13498
14176
13760
13998
13799
13950
14780
13854
14547
13658
13965
14674
14245
14103
14077
13881
14420
14551
14199
14617
14874
14898
14798
14389
13611
14706
14072
13550
13852
13825
25781
16028
14784
15056
15227
14185
14075
14857
15364
14390
15085
13914
15289
15108
13912
14883
15023
14036
15059
14493
14647
14932
13948
14171
13879
13960
13713
14661
14903
14213
14621
15003
14326
14458
15156
14388
14370
14847
13849
13942
14773
14948
14955
13863
14667
15003
14020
14332
14809
14989
13750
13747
13771
14329
14564
14569
15563
14388
14293
14439
13837
13816
14033
14787
14128
13948
13772
13610
14222
13669
15010
14407
14571
14612
14368
14403
14684
14567
13968
14023
14479
14981
13701
14760
13677
13597
14581
13537
13828
14874
14341
14422
14693
13874
15026
14513
14260
13562
14824
14530
14659
14061
14734
14790
14679
14935
14625
14684
14521
14968
14779
13628
13748
14387
13928
13819
14621
14553
14978
13554
13681
13992
15003
13782
14898
13907
14100
13778
14318
13471
14368
14157
13843
14089
14393
14672
14498
14546
14625
13506
14316
14520
14477
13454
13513
14182
13772
14613
13873
14544
16591
13787
14756
14627
14741
13705
13765
14604
14061
14069
13755
13726
14539
13966
14814
13948
14542
14444
14011
13916
14491
13687
14688
13735
14434
14070
13670
14083
14617
13363
13958
14512
13594
13329
14796
14380
13720
14385
13620
13670
13843
13628
14546
13860
14459
13677
14086
14067
14189
14484
13577
13478
14791
13403
13625
14603
14773
14533
13271
13631
13886
14718
13358
14547
14493
14288
13479
14203
14545
14703
14485
13869
14548
14502
14645
14590
14393
14075
13742
13267
14532
13847
13957
13575
13138
13205
13699
13218
13068
14536
13918
13979
13173
13711
14347
13535
13947
14661
13803
13908
13764
13994
14391
13362
14402
13199
13428
14614
13186
13203
14255
13115
13333
13826
14210
13086
13123
13502
14029
14546
13692
14414
13694
13652
13514
14484
13422
14438
13429
14152
13294
14044
13511
13751
13743
13826
13594
14267
14379
14323
13112
14134
14173
14309
14442
14287
14029
13184
13440
13507
14473
13984
13186
13368
14374
14103
13171
13549
13890
13147
13702
13152
13105
14062
13587
14318
14202
13649
14203
14160
13904
13417
13481
13951
13848
14241
13451
14313
13227
14215
13860
13202
14370
13531
13193
14420
13024
13812
14004
13506
13337
14488
12940
13008
13989
13984
14149
14243
13365
14299
13845
13574
13933
13899
13345
13003
12874
14339
12962
13876
13652
14260
13362
14140
14134
13593
13168
12927
13975
15065
21945
12768
13268
12912
13256
12856
12767
12578
12982
13812
12539
13696
13515
13518
13452
12671
12445
12530
12613
13564
13098
12468
13084
13093
13647
12668
12905
12872
12332
13449
13207
13145
13179
12720
13774
13150
12508
12824
13355
13074
12666
13566
12353
13265
13381
13181
12499
13505
12374
12720
13127
13126
12418
13483
12275
12456
13579
13196
12707
13259
12483
12795
12728
12680
13316
12761
12258
12358
13084
13773
12482
12523
12221
12611
13194
13370
13609
12713
12494
13464
13921
24747
13766
13385
13616
14046
13908
14114
12646
13501
13544
13473
13522
13134
12887
13085
13214
13136
23640
13580
12928
13601
12359
12498
12580
13313
13330
13191
12402
13651
13297
13156
12754
13519
12948
12803
12921
13589
12403
13387
12159
12180
12535
12573
12130
12804
12113
12608
13371
13487
12881
13264
13490
12968
13486
13070
13004
13465
12224
12475
12319
13048
12447
12494
13071
12544
12474
12124
12120
12986
12777
13448
13196
12294
12875
13206
12277
12521
13149
12054
12266
12457
13058
13191
12656
12345
12074
12142
13178
12650
13390
13262
12485
12947
13010
12225
12838
12941
12729
12619
13269
12375
13159
13043
13041
11981
12382
12790
12004
12775
12514
13003
13223
12769
12638
12587
12267
12079
13200
13004
13159
12976
12010
13159
12340
12975
12133
12713
12080
13119
12591
11979
13077
12258
12890
12379
12994
12172
11842
13319
12762
13230
13219
12767
13028
12549
13228
13137
13036
12231
11853
12252
26253
12866
22193
11866
13057
12525
12618
13021
12710
12312
12059
13132
13030
12135
12566
12394
12480
12428
12345
12795
12898
12465
12077
12701
13171
13146
13093
13177
12983
12827
11890
13052
12670
12063
11776
12569
12868
12276
12531
12479
12832
12204
12896
12260
12599
12669
13115
12931
12792
11972
12740
12727
12144
13018
12872
12372
12047
12228
11782
11983
12805
12480
12945
12142
12764
12557
12055
12195
11764
12954
12510
12365
12157
12499
12436
12916
12949
12023
12355
12013
11641
12600
11790
12259
12596
13079
12507
12572
12235
12818
11730
12955
12471
11721
11585
12808
12047
12544
12103
12696
12542
11693
12816
12230
11880
12572
11761
12762
12417
12395
11831
12567
12160
11633
12748
13000
11862
12042
12033
12219
11645
11561
12143
12720
11817
12786
11535
12126
11665
12432
11713
12877
12768
11989
11577
11701
11512
11873
11926
12398
11496
12065
12557
11959
11876
11607
12616
11905
11894
12626
12698
11837
12336
11774
12537
11684
12180
11580
11827
12764
12797
12464
11616
12131
11813
12192
11813
12322
12587
11667
11939
12143
11849
11531
12321
12727
11850
12788
11390
11916
11953
12526
12174
12018
11787
12693
11839
11422
11611
11416
11768
11827
12443
12120
12046
12676
11334
12630
11787
12504
12103
12103
12112
11500
11441
11432
12173
12313
11849
12045
12359
12179
12528
12586
12010
12580
12064
11904
12136
12550
12586
12303
11940
11538
11934
11412
12103
11704
11563
11397
11711
11995
12289
12197
11918
11492
13645
23234
11817
13750
12052
12039
12127
20343
21847
11717
11584
11563
12078
11595
12518
12365
12132
11988
11820
11571
11318
12133
12295
12282
11771
11315
11425
11676
11652
11859
12240
12409
11266
11224
11151
11507
12419
11667
12296
11525
11683
12813
23500
12255
12200
11646
12408
12278
11730
11861
11665
11591
12204
11982
12235
11920
11839
12470
12311
12027
11494
11788
12313
11710
12096
12063
11489
12092
11583
12292
12566
11761
12668
11474
11550
12502
12306
12691
12739
11993
12274
11952
11784
12219
12686
11636
11483
12130
12407
11872
12659
11549
12545
11552
11934
12324
12174
12013
11558
11935
12356
12378
12244
11987
11973
12670
12052
12489
12277
12455
11929
12599
12290
12147
12689
11900
12430
11698
12003
11555
11277
12542
11405
12523
11543
11634
11440
12145
12493
11982
11581
11321
11513
12592
11575
12157
11336
11619
11372
11480
12336
12254
12127
12276
12234
11796
12153
11204
11701
12068
11908
11506
12340
11815
12035
12046
11471
12535
11942
11221
11760
12138
11266
11362
11857
11757
12436
11905
11965
11827
12195
11387
11574
12396
12317
11515
11576
11252
12315
11503
12200
11492
12336
11754
12093
12186
12070
11649
11109
11143
11511
12123
11738
11724
11927
11309
12116
11148
11184
11095
12178
12272
12303
12097
11797
11417
11821
11326
11844
12299
11551
11417
11044
11271
11024
11582
11852
11072
11148
11109
11429
11783
11843
12178
11301
11526
11058
12250
11262
11812
12143
12269
12289
11369
11524
12062
12232
11065
11443
11164
10984
11281
11674
11988
11078
11161
10914
11475
12062
11247
12163
12203
11945
11579
11169
12189
11016
11988
14672
11019
12035
10954
11642
11515
10937
11591
12139
12011
11451
11243
11316
10940
11905
11482
11561
11840
11530
11962
10848
11811
11931
11710
11216
11001
11008
11785
11690
11695
10948
11885
11763
11882
10914
11511
11248
11434
11210
10881
10973
11484
11418
11758
11971
10924
10788
11213
11100
11340
11558
12062
11670
11074
11023
11099
11273
11430
11532
11132
11310
11427
11404
11230
11326
11063
11673
11153
11328
11401
11641
11419
11611
11785
11902
11531
11190
11921
11312
11705
11348
11936
10972
11067
11093
11286
11580
10993
11139
11183
11371
10982
11563
11126
11364
11796
11929
11716
11440
11627
11527
11748
10964
10825
11405
11344
11607
11471
11032
11118
10604
10831
10651
11160
11424
11436
11195
11813
11128
11796
11184
11683
10816
11002
10893
11306
11769
11630
11496
11521
11286
11570
11081
10614
11224
11356
11225
11028
10587
11288
10792
10852
10780
11670
11764
11403
10960
11481
10746
11715
11368
11815
10924
11517
10941
11311
11631
11313
10752
11133
11248
10643
10999
10760
11710
11296
11583
10771
11014
11149
11345
10770
11688
10670
11379
11276
11622
10792
10704
10569
11587
11108
10646
11021
11455
10482
11374
11495
11112
10898
11421
10918
10527
10422
10592
11717
10804
11421
11669
11153
10870
11178
11303
11108
20505
10532
11232
11048
10735
10214
11094
10464
10243
10395
11241
10538
10687
10345
10790
10615
10319
10637
10727
11111
10350
10093
11094
10139
10689
10499
10168
10977
10466
10553
10478
11069
11092
10442
10056
10537
11038
10942
11077
10923
10421
10981
10454
11203
10905
10584
11061
10943
10770
10393
10857
10149
10907
10713
11017
10783
10026
10729
10460
11042
10359
10854
10084
22953
10614
19818
10886
10159
10894
10039
10491
10017
10646
10133
10626
10846
10827
10849
10317
10163
10546
10825
11000
10733
10712
9967
10313
10304
11057
9962
10407
10125
10856
10254
10746
11040
10039
9981
10333
10982
10858
10977
10050
10659
9896
10821
9902
10614
10026
10096
10182
10085
10202
10070
10346
10690
10813
10842
10310
10915
9940
10657
10634
10323
10229
10765
10016
10649
10276
9858
10861
10696
10664
10455
10421
10297
10173
10689
10428
10418
9832
9970
10203
10442
10239
10695
9889
10442
10841
9882
9952
10487
10459
10465
10233
10040
10270
9756
9819
9820
10522
9821
10022
10866
10661
10386
10383
10585
10664
10059
10692
10493
9814
9836
10471
10816
10641
10683
10804
10766
10603
9963
10101
9910
10305
10608
9661
10813
9642
9895
9760
10680
10423
10216
10228
10033
9836
10752
10111
9689
9918
10560
10121
10480
10163
10207
10563
10106
9998
10179
10369
10776
10174
10331
10390
10262
10016
10022
10615
10135
10232
10664
9655
9577
10596
10055
9847
9941
9979
10330
9881
10682
9634
9839
9811
10054
9554
10188
10625
9833
9915
10491
10420
10222
10134
10231
9834
9735
9888
10511
10008
10408
9771
10087
9433
10331
10532
9808
9961
9520
10506
9862
9872
10585
9426
9538
9514
10283
10457
10547
9677
10068
10327
10165
9812
9682
9502
10061
10253
9688
9913
9868
9381
10139
9917
10010
9607
9405
9731
10133
10155
9598
10444
10209
10284
9982
9665
9949
9459
10312
10019
9536
10178
9750
10241
9742
9905
10020
10155
9963
10382
10363
9659
9589
9308
10065
10044
9749
9309
10428
9566
9472
10316
9760
9997
10048
9449
9981
10164
9727
9653
19825
10412
10688
10481
10261
9981
10489
9609
10125
9772
10179
10432
10135
10002
10463
10016
9563
10543
9872
9795
13224
10597
19106
9477
9286
9318
10131
10286
10111
10235
9372
9624
10279
10044
9190
9782
9236
9335
9204
9248
9738
10052
9412
9749
9562
9485
9696
9470
9862
9831
9703
10150
9280
9382
9495
9139
9876
10161
9187
9364
10067
10046
9854
9431
9955
9648
9868
10021
9690
10060
9241
10035
9402
9473
9737
9937
9681
10122
9674
9250
10134
9886
10015
9082
9183
10083
10151
10022
9112
10064
9900
10031
9412
9265
9171
10036
9805
9172
9452
9897
9589
9110
9688
10045
10059
9132
9091
9174
9827
9382
9631
9666
9915
9468
9655
9314
9786
9428
10057
9063
9555
9391
9353
9797
9880
9638
10045
9758
9168
9454
9092
9663
9635
9722
9633
9309
9591
9884
9958
9217
8952
9592
9460
9943
9695
8952
9101
9806
9869
9485
9624
9818
9453
9162
8948
9901
9176
9841
9215
9615
9706
9507
9261
9430
9498
9531
9793
9261
9095
9909
9197
8991
9739
9081
8951
8803
9465
9138
9309
9680
9568
8804
9335
9625
9625
9185
9808
8994
9536
9445
8961
9179
9056
9548
9205
9711
9817
9434
9855
9166
9690
9079
8842
9210
9167
9244
9447
9515
9608
8807
9755
9005
8779
9129
9002
9009
9214
9609
8756
8902
9535
9667
9097
9336
9544
9202
9225
8984
8981
9375
8953
9207
8791
9685
9324
8937
9097
9499
9615
9018
9762
8881
9128
8886
9294
8845
8885
9378
8958
9631
8760
8988
8721
8902
9647
8778
9605
8762
8697
9212
8641
8750
9596
9315
9201
8712
9414
9410
8707
8718
8714
8805
9589
9029
9408
9277
9458
9077
8751
9409
9365
8607
9088
8665
8613
9410
8693
9204
9328
8614
8745
9240
8910
9124
9073
8723
8786
9078
9480
9406
8894
8717
8627
9386
8927
8665
8615
9397
8688
8944
8587
9328
8895
9436
8750
9193
8686
9398
9436
8847
9408
9328
8688
9399
8501
9115
8564
9435
8772
9139
8755
8678
9128
10417
9050
18718
8533
9121
8998
8539
8667
8901
9124
8820
9080
9043
8690
9021
9047
9185
9171
8972
8768
8549
8767
8750
9207
8712
9388
8468
8651
8638
9318
8464
8507
8380
9284
8347
9165
8579
8485
8386
9231
9140
8743
8763
8510
8529
8401
8558
8675
8267
9339
9261
8877
9070
9270
8499
8894
9277
9089
8778
9108
8790
9043
8432
8737
8837
8720
8584
9108
9208
9223
9087
9026
8667
9066
8899
9216
8744
8472
8646
8403
9043
9205
8825
8983
8914
8694
8370
9131
8813
8375
8921
8692
8236
8233
8638
8265
8863
9116
8220
8217
8472
8877
8786
8434
9009
8954
8388
8484
8251
8632
9040
8536
8977
8732
8338
8544
8479
8376
8837
8237
8233
8830
8881
8977
8447
8928
8578
9005
9126
19654
8836
9716
8584
9034
9320
9226
8321
9230
8709
9231
8914
8997
9175
9034
8706
8357
8282
9067
9221
9275
8845
8541
9236
8763
8520
8479
8452
8630
8904
8429
8420
9054
8475
8631
9165
8822
8781
8722
9175
8650
8646
8865
8815
9124
8571
9061
8354
8426
8813
9153
8587
9165
8240
8318
8339
8852
8940
8648
8918
9185
8336
8418
8667
8398
8234
9025
8839
9133
8764
8629
8155
8901
8494
8882
8315
8883
8826
8494
8720
8611
8598
8642
8569
8886
8935
9017
8164
8198
8546
8736
8401
9066
8594
8411
8329
8350
8978
9131
8601
8458
8067
8609
8971
8802
8966
8678
8643
8091
8886
8568
8555
8181
8075
8695
8916
8795
8572
8706
8035
8097
8861
8742
8093
8116
8119
8200
8033
8854
8015
8120
8625
8822
8036
8897
8395
8462
8508
9026
8236
8595
8899
8093
8397
8739
8895
8663
8820
8338
8698
8264
7991
8140
8806
8157
8520
8454
7927
8482
8324
8305
8659
8833
8863
8533
7954
8200
8628
8064
8345
7975
7966
8468
8807
8561
8664
8539
8023
8277
8321
8826
7997
8564
8620
7885
8341
8562
8069
8765
7979
8142
8509
8179
8766
8535
7863
8617
8235
8702
8245
8194
8373
8751
8452
11308
8162
8382
8049
8099
8173
8530
8679
8404
7921
8558
8339
8091
8624
8612
8443
8290
8129
8066
8189
8426
7789
8099
8016
8633
7938
8201
7919
7988
8235
7845
8447
8234
7856
8165
8267
8531
7927
7829
8629
8206
8064
7944
8433
8284
8320
8265
8412
8550
8390
7918
8188
8565
8063
8401
7692
8136
8383
7771
8194
8528
7894
8286
7954
8459
7851
7715
7852
8401
7722
8275
8417
8133
7738
8210
8157
8148
8281
8552
8299
8039
8417
7707
7733
8088
8117
8116
8057
8365
7643
7885
8366
8142
7611
8315
7607
8128
7877
8042
8049
8002
8137
8160
8436
7989
8076
8090
7986
8351
7963
8388
8029
8267
7577
7623
8192
7730
8264
8020
7698
7868
8306
8338
7755
7592
8136
8431
8083
7666
7909
8055
7823
7960
7884
8043
8009
8246
8303
8054
7563
8087
7452
8121
8092
7915
7471
8139
7777
8044
7768
8162
8041
8344
8198
7845
8227
8289
7757
8246
7609
8023
8024
7425
8052
8104
7475
7498
8065
7771
7509
7708
7716
7698
8111
7451
8192
7456
7861
7500
8229
8244
7857
7789
7455
7403
7412
8206
7901
8161
7818
7547
7338
7506
7788
8204
7677
7633
7677
8041
8050
7622
7319
8089
7473
7790
8161
7713
7331
7885
7351
7480
7410
7361
7634
7877
7979
7988
7409
8022
7740
7489
8041
7746
7554
8021
7926
7599
7664
7882
7820
7408
7929
8017
7668
7611
7970
7732
7509
8035
7521
7490
7362
7786
7325
7435
7293
7816
7479
7358
7418
7276
7826
8004
7896
7502
7207
7303
7861
7483
7806
7530
7297
7759
7495
7298
7960
7192
7243
7881
7913
7402
7217
7632
7312
7498
7097
7314
7489
7998
7265
7190
7314
7615
7921
7954
7614
7926
7847
7897
7543
7223
7741
7495
7790
7846
7803
7312
7833
7882
7097
7764
7770
7528
7519
7146
7577
7093
7643
7285
7508
7477
7542
7109
7506
7395
7611
7188
7243
7303
7387
7007
7412
7185
7632
7829
7131
7345
7525
7445
7139
7172
7314
7158
7354
7036
7271
7055
7635
7455
7110
7572
6981
7068
7475
7543
7480
7517
7165
7502
7151
7224
7674
7520
7393
7517
7188
7178
7422
7384
7593
7246
7360
7389
7162
7056
7486
7725
7943
10677
8159
7750
7497
7247
7551
8248
7209
7430
6976
7415
7257
6876
7388
7698
7191
7266
6829
7393
7297
7212
6907
7573
7554
7443
7580
7152
7272
7154
7509
7010
7048
6877
7095
7485
7200
7458
7589
7438
6861
7066
6837
7477
7163
7319
7396
7053
7391
7065
6962
6845
7045
7471
7426
7455
7397
6873
6783
6795
6998
7503
7485
7001
6921
6907
6813
6823
6886
7419
6770
7196
6877
7103
6822
7073
7366
6934
6904
7325
7344
6770
6903
7391
6893
6930
6935
7099
7174
6810
7340
7423
7175
6675
6950
6818
7200
7323
7198
6996
7087
6655
6731
6993
7086
7098
7239
7401
6872
6916
7287
7214
6874
6689
7154
7100
6992
7024
7002
7186
6689
6935
6635
6866
6608
6893
6822
7067
7263
7197
7325
7159
7162
6589
6707
6806
6645
6796
7082
7150
7015
6910
6606
7141
6688
6896
6854
6569
6836
6694
7271
7208
7031
6807
7133
7288
6663
7207
6507
7032
7165
6602
6994
6999
6741
6779
6918
6615
6738
7088
7183
7206
6661
7135
7106
6718
6792
6882
6487
7196
6706
6576
6452
7115
6608
6613
6632
16666
6440
6956
6390
6412
6592
6258
6713
6389
6613
6218
6691
6397
6764
6435
6698
6489
6833
6407
6391
6241
6219
6527
6581
6273
6192
6656
6425
6633
6149
6714
6481
6763
6800
6604
6173
6245
6355
6503
6321
6588
6683
6808
6364
6554
6790
6205
6192
6345
6415
6322
6365
6406
6679
6456
6734
6818
6695
6238
6735
6225
6276
6730
6442
6092
6562
6327
6622
6357
6025
6536
6227
6318
6087
6691
6417
6155
6390
6371
6136
6516
6033
6321
6266
6439
6171
6477
6329
6378
6085
6624
6434
6123
6134
6661
6283
6685
6348
6077
6113
6603
6438
6396
6698
6203
6400
6378
6401
6474
6294
5975
6367
6059
6438
6282
6077
6315
6377
6259
5947
5985
6406
6148
6283
6182
5881
6019
6480
6238
6239
6084
6511
5959
6496
6492
6463
5927
6209
6068
6488
6063
6151
6487
6317
6464
6298
6290
6357
6142
6505
6396
5975
6120
6472
6193
6090
6529
6465
5919
5843
6351
5869
5942
6508
6337
6157
6527
6277
5976
6151
5896
6406
6096
6400
6342
6328
6231
5899
6195
6266
6118
6025
6231
6154
6011
6400
6467
6137
6057
5830
6229
6168
6180
5800
6036
5979
6121
5795
5927
6254
5915
6321
5825
6167
6100
5769
6125
5834
6106
5975
6090
5985
6259
5745
6159
6019
6264
6163
6341
5716
5811
6115
6213
6157
6353
5824
5922
5661
6329
6128
6251
5740
6155
5694
6035
6001
6124
8376
5874
5908
6053
5887
6099
5893
5874
5835
5918
6023
5907
6167
5686
6033
6333
6168
5675
6076
5805
5829
6262
5744
5941
6094
5702
6080
6007
5628
6038
6096
5921
5606
6016
5672
6064
5783
5895
6074
6179
5820
6166
6074
6177
5789
5860
5989
5652
6109
5758
6113
6054
6107
5896
5550
6083
5534
5773
5782
6108
6085
5643
5584
5909
5564
5697
5950
5500
5946
5894
5933
5537
5691
5936
5735
6077
5777
5623
5530
5874
5531
5848
5411
5515
5775
5818
6027
5954
5771
5629
5787
5520
5993
5889
5508
5607
5612
5885
5685
5869
5418
5505
5983
5582
5609
5663
5927
5740
5438
5620
5808
5483
5527
5832
5454
5826
5691
5595
5608
5597
5883
5684
5831
5703
5577
5603
5818
5839
5605
5586
5495
5676
5487
5799
5466
5489
5507
5314
5283
5808
5673
5879
5481
5755
5493
5592
5298
5675
5678
5813
5810
5333
5371
5492
5660
5464
5309
5537
5386
5653
5396
5374
5495
5267
5250
5620
5739
5296
5789
5273
5346
5849
5216
5574
5588
5419
5472
5740
5436
5218
5370
5282
5558
5705
5536
5757
5317
5566
5692
5359
5674
5185
5688
5247
5130
5276
5484
5198
5633
5452
5572
5428
5195
5330
5248
5622
5182
5161
5336
5313
5301
5368
5368
5582
5441
5103
5488
5424
5387
5381
5235
5375
5078
5222
5619
5231
5426
5683
5606
5466
5517
5501
5408
5421
5303
5081
5450
5325
5325
5448
5013
5266
5296
5605
5318
5248
5288
5503
5014
5584
5267
5627
5468
5495
5014
5119
5317
5462
5083
5024
5480
5352
5148
5535
5304
5507
5368
5384
5235
5305
5433
5480
5481
5519
4975
4978
5146
5320
4989
5349
5311
5534
5292
5064
4978
5143
5421
5471
5045
5355
4930
5463
4926
5467
5111
5094
5062
4929
4990
5239
5170
5439
5287
5414
5278
5196
5235
5372
5257
4893
4836
5020
5055
5012
5399
5401
5251
4977
4862
5403
5192
5207
5057
5221
4923
5400
5043
4976
5241
4962
4786
4964
4865
5344
5106
4850
4844
5344
5172
5018
5270
5293
4999
5084
4963
4888
5115
4787
5758
17023
5527
5464
5042
5368
5214
5122
5322
5057
4979
5013
4896
5204
5303
5072
5414
4975
4878
4889
4962
5370
4932
4968
5248
4926
5341
4902
5253
14697
5055
4976
4725
5137
5079
4710
4642
4803
4715
4834
4947
4736
4684
5187
4926
4720
4929
5065
5119
5154
5003
4813
4692
4714
4626
5126
4787
4842
4895
5163
5063
5105
4614
4768
4642
4599
4777
4896
4965
4644
5114
4913
4961
4650
5049
5001
4805
4968
4676
4963
4754
5039
4929
4636
4665
4686
4840
4981
4998
4660
4800
4719
4863
4915
4993
5061
4820
4849
4833
4988
4582
4702
4633
4743
4924
4676
4621
4869
4631
4502
4723
4591
4986
4569
4583
4694
4683
5008
4617
4796
4640
4856
4803
4714
4474
4800
4906
4543
4877
4833
4586
4823
4720
4663
4455
4632
4476
4462
4477
4776
4892
4517
4789
4800
4426
4959
4532
4610
4794
4923
4641
4442
4879
4684
4870
4627
4509
4756
4798
4678
14580
4967
5016
13830
4392
4553
4484
4855
4634
4738
4623
4643
4558
4418
4743
4723
4527
4496
4791
4520
4570
4412
4313
4731
4581
4588
4470
4682
4523
4617
4624
4508
4657
4507
4283
4365
4519
4419
4566
4381
4457
4742
4326
4770
4234
4497
4231
4564
4644
4449
4626
4482
4641
4337
4590
4647
4544
4747
4445
4367
4472
4666
4188
4538
4545
4285
4454
4687
4421
4401
4646
4413
4171
4633
4307
4666
4847
4802
15286
4365
4440
4373
4432
4487
4571
13562
4506
4519
4368
4356
4383
4569
4487
4311
4428
4356
4549
4264
4206
4260
4528
4601
4317
4490
4390
4344
4233
4265
4152
4161
4468
4180
4227
4162
4449
4586
4517
4357
4380
4142
4303
4233
4481
4509
4347
4545
4444
4380
4126
4253
4063
4452
4055
4058
4315
4326
4455
4500
4379
4471
4115
4376
4184
4387
4443
4421
4021
4204
4226
4010
4227
4112
4327
4400
4280
4406
3994
4028
4104
4274
4424
4071
4178
4449
4350
3977
4240
4209
4368
4246
4167
4150
4302
3942
4332
4033
4360
4126
3946
4083
4145
4250
4006
4155
3976
4363
4144
4140
4326
3947
3957
4082
4050
4057
3931
4241
4114
4064
3993
4029
3919
4049
4007
4188
3907
4104
4013
4234
4076
4214
4133
4043
4151
3989
4170
4224
3825
3968
4089
3916
4187
3865
3889
3831
3791
3957
3915
3870
4056
4142
3900
3850
3909
3903
4071
4030
3829
3971
4092
4151
3854
3886
3914
4176
4115
4000
3967
4210
3797
3832
4145
3896
3798
3955
3769
4112
4006
4144
3895
4186
4117
3733
3766
3760
3900
3742
3844
4075
4025
4106
3998
4097
3764
3799
3696
3713
4074
3669
4095
4028
4126
4027
4024
3984
3868
3791
3894
3835
4051
4028
3652
3845
4015
3764
3875
3814
3725
3902
3664
3681
3714
3765
3671
3841
3973
3678
3759
4022
3744
3731
3874
3983
3849
3961
3780
3660
3746
3633
3928
4006
3793
3927
3667
3609
3791
3709
3900
3899
3610
3644
3822
3713
3883
3775
3919
3632
3752
3742
3555
3960
3577
3651
3680
3832
3834
3921
3696
3820
3617
3644
3860
3514
3752
3818
3460
3872
3603
3791
3465
3695
3552
3852
3500
3749
3516
3556
3451
3851
3584
3684
3599
3550
3798
3784
3468
3429
3711
3741
3808
3759
3408
3515
3439
3608
3401
3489
3429
3442
3408
3546
3419
3423
3748
3541
3377
3658
3444
3693
3399
3486
3425
3523
3553
3429
3587
3603
3362
3478
3423
3702
3524
3400
3551
3480
3396
3507
3615
3648
3559
3617
3612
3337
3516
3487
3473
3545
3449
3521
3526
3651
3584
3355
3399
3323
3533
3414
3401
3588
3380
3467
3432
3536
3256
3570
3346
3574
3330
3331
3577
3410
3295
3316
3402
3365
3330
3404
3250
3492
3408
3494
3360
3523
3584
3266
3378
3430
3450
3540
3367
3432
3236
3342
3350
3447
3369
3548
3463
3203
3527
3363
3311
3256
3532
3443
3280
3379
3414
3414
3465
3390
3452
3369
3295
3444
3486
3272
3120
3395
3301
3302
3136
3298
3285
3431
3209
3184
3372
3223
3109
3087
3249
3151
3404
3173
3373
3241
3357
3124
3305
3200
3123
3365
3370
3067
3317
3282
3138
3081
3202
3263
3343
3397
3342
3344
3312
3129
3159
3286
3100
3239
3127
3307
3023
3089
3310
3146
3238
3332
3174
3198
3165
3315
3083
3049
3003
3326
3155
3161
3264
3245
3094
3167
3166
3028
3276
3076
3038
3145
3140
3130
3222
3084
3073
3070
3243
3005
3083
3274
3205
3090
3248
3051
3257
3056
3057
3136
3069
3233
3140
3044
3002
3045
3109
3117
3226
2936
3084
2942
3110
2934
3097
3203
2887
2883
2931
2953
3144
2876
3082
2871
2847
3049
2937
2867
2846
2982
2901
2886
3015
2899
3166
3024
3094
2889
2901
2872
2987
3056
2817
2977
2920
2984
3048
2921
3086
2877
2895
2954
3061
3060
2930
2783
3065
2780
2825
3011
2936
2787
2831
2786
2894
2777
2966
2841
2744
12960
2932
2905
3076
2943
3008
3072
2879
3052
2927
2944
2834
5215
3005
2999
2805
2803
2893
2973
2767
2979
2996
2943
2787
2885
2775
2882
2753
2994
2964
2774
2785
2861
2989
2856
2859
2892
3099
2725
2925
2862
2875
2980
2944
3031
2704
2771
2800
2910
2887
2738
2979
2835
2801
2896
2879
2823
2963
2861
2910
17156
2662
2718
2819
2702
2747
2598
2633
2625
2792
2730
2690
2728
2677
2667
2613
2752
2736
2761
2555
2793
2732
2852
2777
2702
2719
2815
2544
2560
2758
2575
2765
2685
2561
2723
2570
2746
2667
2523
2650
2586
2623
2605
2699
2536
2554
2516
2541
2540
2633
2683
2619
2630
2647
2509
2513
2520
2456
2592
2611
2444
2446
2602
2655
2731
2639
2493
2458
2574
2568
2517
2623
2663
2628
2633
2596
2436
2574
2637
2393
2415
2541
2463
2597
2398
2622
2458
2569
2444
2612
2552
2476
2617
2605
2437
2508
2466
2574
2360
2430
2348
2440
2370
2475
2540
2542
2526
2417
2421
2473
2527
2406
2529
2406
2509
2442
2469
2302
2458
2414
2444
2406
2529
2416
2326
2286
2479
2308
2429
2288
2533
2293
2349
2381
2396
2402
2274
2324
2241
2411
2423
2245
2303
2420
2282
2333
2354
2259
2240
2462
2328
2233
2491
2233
2226
2280
2365
2360
2300
2398
2355
2394
2223
2236
2280
2244
2198
2350
2266
2357
2357
2219
2176
2272
2249
2377
2173
2275
2360
2325
2395
2243
2260
2365
2374
2229
2304
2233
2263
2201
2357
2310
2167
2157
2137
2201
2128
2265
2211
2281
2241
2083
2288
2260
2139
2268
2183
2276
2184
2105
2157
2136
2152
2211
2170
2257
2227
2287
2066
2092
2163
2199
2289
2085
2041
2102
2055
2064
2049
2035
2134
2128
2246
2212
2151
2127
2198
2153
2029
2108
2198
2200
2040
2176
2174
2065
1985
2087
2049
2013
2098
2041
1983
2131
2026
2147
2199
2110
2034
1936
2000
2086
2015
2027
2050
2136
1962
2045
2068
1938
2005
2099
2158
2021
2101
2017
2006
1944
2059
2133
2021
2031
2031
1888
1895
2039
1918
2033
2052
2002
2058
1882
1923
1960
1918
2009
2002
1949
1907
1969
1858
1845
2017
1876
1853
1986
1861
1911
1908
1875
1943
1896
1876
1873
1865
1930
1875
1817
1916
1857
1942
1884
1855
1958
1811
1797
1871
1951
1861
1797
1898
1778
1779
1869
1941
1886
1798
1902
1795
1764
1841
1779
1762
1996
1908
1782
1803
1750
1923
1842
1746
1874
1854
1855
1838
1814
1805
1785
1893
1822
1882
1818
1736
1725
1844
1844
1727
1766
1686
1848
1702
1732
1781
1712
1747
1723
1746
1791
1663
1756
1711
1814
1693
1665
1775
1636
1636
1666
1730
1755
1680
1661
1764
1728
1675
1612
1779
1601
1668
1617
1659
1632
1733
1606
1635
1725
1704
1727
1739
1615
1637
1592
1725
1610
1684
1596
1584
1686
1667
1692
1566
1671
1640
1692
1551
1537
1556
1580
1661
1616
1634
1588
1628
1578
1541
1505
1647
1590
1664
1584
1557
1572
1504
1644
1626
1547
1620
1550
1551
1613
1521
1531
1521
1500
1464
1494
1592
1490
1509
1462
1536
1414
1445
1513
1496
1504
1440
1442
1534
1544
1447
1478
1444
1447
1491
1470
1433
1535
1414
1382
1429
1384
1436
1475
1486
1426
1455
1430
1464
1398
1477
1496
1378
1355
1360
1364
1403
1372
1376
1441
1425
1471
1362
1370
1416
1403
1337
1405
1354
1386
1424
1296
1347
1301
1337
1387
1396
1379
1305
1301
1332
1344
1286
1304
1367
1305
1348
1350
1305
1320
1290
1258
1327
1235
1344
1246
1401
1331
1257
1280
1300
1333
1314
1351
1292
1301
1275
1317
1317
1277
1322
1308
1349
1295
1376
1307
1289
1302
10371
1241
1272
1258
1226
1225
1307
1290
1242
1225
1326
1194
1206
1273
1208
1161
1270
1227
1241
1223
1151
1193
1167
1124
1218
1163
1162
1221
1133
1198
1168
1132
1208
1200
1206
1172
1183
1156
1129
1142
1175
1158
1153
1092
1083
1075
1119
1124
1119
1078
1154
1164
1111
1146
1141
1127
1100
1085
1084
1130
1059
1051
1119
1085
1097
1074
1144
1106
1094
1063
1097
994
1132
1079
1031
1070
1073
1054
1071
1055
1017
1072
1014
1039
1004
1044
1039
1049
1042
965
1057
1061
1041
1024
1064
1017
965
1028
1049
936
959
929
1031
1008
983
975
1032
949
919
952
979
937
989
962
973
911
910
985
940
986
979
970
951
968
947
913
960
894
906
873
944
936
923
864
921
931
885
878
938
926
871
938
876
904
878
844
890
862
863
867
889
838
840
848
856
863
807
842
842
816
879
792
822
801
837
846
826
832
805
824
808
842
775
805
810
825
834
756
839
792
774
747
783
793
804
762
881
812
798
813
778
756
798
774
1134
780
747
774
731
723
758
794
776
767
755
686
720
688
711
690
705
720
723
712
726
684
674
682
697
718
659
699
679
636
701
658
668
669
677
657
660
653
659
643
688
654
661
612
619
610
660
636
626
624
653
579
601
595
601
617
610
574
589
577
583
611
598
570
622
549
570
568
577
534
555
525
558
541
561
525
539
509
556
556
534
552
524
506
544
521
531
516
529
518
544
472
515
481
494
478
499
474
498
477
480
439
503
465
474
468
480
442
465
439
485
454
466
477
457
503
429
428
452
448
400
416
444
465
483
437
447
423
465
433
406
427
404
406
395
415
422
391
392
404
378
388
392
391
371
383
378
367
381
392
375
344
371
333
380
342
349
369
338
318
343
319
334
345
343
318
335
310
331
323
321
303
311
283
300
274
296
304
295
275
284
285
273
264
278
256
250
305
262
263
275
280
263
262
252
292
232
238
297
227
268
231
237
260
190
206
258
219
253
203
240
263
257
247
188
222
240
176
171
184
162
144
143
164
224
133
131
176
146
124
122
194
140
122
120
121
118
123
100
99
97
96
