40765
36312
35936
43193
30194
29001
29494
30115
28424
31455
32939
32499
32134
29077
32251
30773
33685
30416
32014
33079
32662
31878
29664
30948
31538
30304
59666
32966
34662
33085
40408
47353
27608
29088
30550
29545
28319
27435
28457
26980
28747
27922
27746
27464
29850
27965
29492
28684
26642
26899
27702
27067
27009
28698
27988
28047
28640
27936
26776
27721
28687
27359
28482
28962
29090
28216
26976
29419
27926
29059
29245
28404
28712
32370
32357
29226
28891
28283
28941
27454
27597
28287
28198
26829
28845
27950
28911
28317
28855
29398
27632
28139
29126
27283
29516
28127
27830
29072
28640
28830
29731
27989
27105
29432
28955
27999
27914
28345
27457
30076
27050
28047
27733
26911
27454
28519
28660
27565
27607
28530
28909
29111
28563
29095
28725
27534
27737
28328
27190
28615
28125
29082
29323
29356
28752
27310
30395
31380
31079
32265
27317
28033
31341
30800
30197
28632
29331
55593
39315
27131
29101
28927
28485
29756
31450
30757
30506
40860
41372
30329
31544
40364
43172
30901
31901
54240
27948
28683
30953
40067
33445
28057
28265
52659
26601
28016
26886
28297
27062
28437
28811
27229
28341
26963
26689
28643
28532
28603
27388
27195
26907
28084
28306
28618
26582
26925
27195
26600
27917
28159
27714
28377
28400
28303
28690
28395
26837
26561
27989
26680
27363
27113
26991
28081
27400
27943
28664
42079
28662
29113
29779
29879
28563
27728
27718
27119
28357
27394
28402
29592
28686
28031
28378
28267
29494
29587
28713
27582
27608
28875
27391
27365
28313
29456
27606
30443
29090
30004
27659
28612
27538
27413
27706
27879
28584
28199
28083
27335
29999
29173
27994
29510
28152
28758
27111
28582
30160
29277
30885
29450
29145
28923
29490
27115
29627
38309
26548
27306
27337
28693
26267
28509
41476
37329
28144
27221
27465
26750
27887
27318
27555
28039
27948
28175
26327
27800
27144
27075
27651
26693
26932
28073
28098
28309
28804
26960
28671
27987
26881
26827
27032
26819
28355
26810
26979
27943
27835
27536
28713
28245
28775
27426
26599
28931
27109
27418
26946
28481
27279
27826
28741
27743
28140
27556
28262
28625
26411
28091
27630
28100
27183
28187
27718
27568
28514
28488
26979
28106
28696
29123
27731
27287
27067
28506
26564
26833
26462
28461
26620
28993
27971
29181
28654
26732
26989
31262
27083
27899
27863
26717
27973
26661
27779
28433
27239
28538
27695
28883
27361
27340
27084
28497
28071
29038
29143
28076
28139
28015
29287
28182
26688
26652
27021
27326
28918
27131
31974
26596
26527
27295
28639
26912
26740
26898
27979
27113
28898
27713
26641
26779
28914
28162
27196
28025
28318
27105
28398
29006
27921
27500
29195
27759
28497
29088
29134
27915
27376
28236
27288
28144
28381
27974
28679
29001
28712
28693
26843
27356
28057
26939
26687
29009
28941
28377
28724
28591
26951
26868
27914
27952
27770
28280
26878
27508
27354
29111
27191
26994
27236
27397
27545
28581
27563
28971
28833
28180
27024
26768
28904
28873
26821
39236
28024
27702
38025
26944
27679
28945
27972
27467
28591
28486
27611
28441
29299
29153
27215
29540
27103
27692
27463
27130
28320
29067
28401
28583
27124
28458
28928
29377
29157
27791
29290
27043
26864
26983
29326
29207
28396
31941
27124
29493
27651
29386
27525
27627
29194
28910
27563
28113
28274
26974
29250
28365
28920
27096
28479
29088
29030
28694
29481
28485
27934
27266
28775
27112
27939
28230
28799
29376
27754
28589
27061
27617
29546
29220
27927
29292
29352
28328
27396
28195
27106
27394
29691
28697
28594
27219
27550
27144
28108
29706
27452
27587
28946
27480
29247
27753
29647
28269
28236
28956
27224
28398
27028
27337
29085
28509
28198
27205
27129
29618
27756
29024
27192
27856
27779
28705
29184
29649
27417
29106
26997
27704
28356
27463
29822
28929
27430
29497
28071
29402
28105
27585
27179
29217
29785
29760
28948
27341
27261
27110
29874
27571
28678
29474
28920
28808
27332
27241
29070
31305
27309
27876
28562
29270
27636
28079
29452
27631
27280
27359
27385
29484
27556
29562
28914
28612
28640
28688
28866
28480
29895
28005
27502
28806
28048
28150
27169
28794
29612
28883
29685
28774
29442
29572
28067
29698
29522
27544
29508
28163
27256
29661
27828
27421
28269
29183
27840
27476
27197
29110
29220
28522
28463
28247
28987
29511
28724
30013
27251
28989
28253
27562
27912
29290
28513
29141
28736
29595
30604
54786
30543
30611
39387
28576
29207
28418
29774
28577
27556
27900
29000
30180
27524
28214
30922
29853
30174
27890
29822
28601
28075
28070
29844
28862
27846
28447
28656
29462
29618
29643
29745
29593
29186
30020
27390
28506
27515
27919
30655
28310
27862
27438
29746
28166
28677
27655
29404
28588
29137
28458
29777
28303
29079
29243
29477
28797
29310
27691
30190
28740
29154
29100
30366
27771
28327
28189
28005
30371
28628
28660
29090
29906
27548
29793
27627
28257
28084
28192
28192
27999
28675
29899
27970
28437
30285
28842
28462
28720
29414
28858
27768
28846
29687
29869
27751
27738
27675
28614
28128
29924
28562
30245
27916
28315
29092
29088
29938
29778
28702
27614
30401
27827
28613
28492
29533
29618
30263
30161
30066
28118
27722
28265
30070
30327
30274
29877
28198
29606
30493
30462
28533
29519
30159
29887
30444
29391
27750
28492
29937
28193
29906
28800
28675
28268
28037
29113
28796
29441
30248
28407
29455
30066
29891
28385
28847
27731
29821
29449
29780
30206
29624
28589
28877
29470
27913
29812
28544
28168
30310
28665
28111
29433
29118
28757
29294
28773
29313
28928
28346
30111
28692
29019
27980
29324
30113
28884
30513
28512
28163
29902
28461
28278
30409
30389
29622
29400
28692
30448
30615
28476
30686
28833
29971
29918
30170
30238
29933
30299
29667
30130
30234
28325
30076
30015
29113
28204
28630
29057
28593
28593
28574
28630
29449
29165
29591
29111
28573
30627
30263
30592
29095
28203
30556
28372
28944
29530
30399
29064
29954
28699
28556
28674
30308
29564
28476
29532
29906
30375
28373
29011
29270
30322
28053
29059
30138
41326
41185
29332
30569
29667
28157
30046
30679
29811
30292
29465
29939
30688
28179
29913
28807
29407
29002
28323
29211
29205
30573
30234
29430
29728
29614
28969
28677
28565
28214
29250
30065
30058
29903
29688
29373
30020
28087
30258
30553
29602
29663
28277
28986
29151
28566
28412
29818
28599
30515
29084
28605
29696
29948
30648
29890
29080
29569
29488
28207
28760
28299
29372
29789
28182
29681
31012
30367
28814
28128
29738
28768
28238
29594
28318
30417
28899
29181
29911
29744
29120
30282
28942
30892
29786
30238
30067
30139
30591
29588
28522
29862
30071
30720
30664
28261
30115
29430
31140
28806
30820
28866
28480
30689
30703
29591
28998
28349
30191
30739
28481
29778
29112
30211
28532
30249
29511
30881
28834
31200
30321
30648
30544
29876
29720
29546
28840
30787
30589
31018
31058
28643
29321
31053
29541
30404
30278
29963
30035
29269
29898
28661
29132
30963
28646
28488
29824
30795
30853
30022
31322
29983
30811
31113
29013
29775
30392
28997
30672
28959
29264
30075
28691
30932
31306
28938
29451
29762
30224
28669
29467
30308
28544
31170
31031
29141
31154
28536
30925
29285
28443
29280
29054
41133
30736
37969
29974
29118
29889
31221
29441
29924
29426
31400
30587
28952
29810
30623
29152
30319
29054
31203
28578
28681
29331
30537
29397
28959
41401
31266
39322
30375
31151
28527
30688
31404
30496
28609
28691
28546
29290
30913
30818
29905
28616
29898
30684
29482
28610
29486
30951
30348
29284
30536
31005
29242
29521
29765
29754
29965
30550
31548
30380
30401
30794
31449
30168
30938
29548
31126
28636
30375
30894
29554
31355
31190
29908
29733
30928
30476
30389
29731
29187
29902
28936
29140
31311
29742
29667
29876
29012
31481
31114
30814
29264
29171
28949
30977
30097
30139
29964
28989
28807
29809
29130
30509
28833
28880
28921
30139
30985
30103
30282
29079
31412
29482
31221
31673
29578
29723
30794
29424
29476
30821
29566
30218
31246
31071
30316
29548
28812
29946
31126
30367
29372
30586
29146
29542
28893
30059
31995
29535
30701
29087
29866
29236
31004
29367
31167
30916
29835
28992
29152
31546
30828
29867
31413
31765
29724
30575
29714
30042
30007
31102
29630
31293
31872
29592
29516
30687
30993
30878
30496
29286
30382
29025
30655
30547
30651
30285
30837
29773
29512
30016
29756
29342
31349
31143
30863
30993
30038
30188
29838
28990
29702
29938
29545
29458
31646
31191
30669
31281
31260
29079
31049
30321
29240
29648
31514
31670
30609
31065
31134
31590
29541
31351
30455
28864
31794
31972
30673
31605
29409
29519
31254
29380
29011
30685
30433
31080
31881
31306
29021
29389
32005
30564
31683
29032
30951
29684
29485
29155
29719
30477
30426
31640
29906
29163
29745
30960
31204
29450
29764
30272
32067
32021
31420
30973
29823
29454
29592
30176
32030
31420
32032
30078
30574
30844
29836
29463
31670
29406
29160
30117
31483
30898
31289
30176
30597
30446
31468
29730
31434
31941
29683
30725
29964
30795
31759
30524
30376
31356
31397
29268
29928
31623
30739
31289
29631
31666
31454
29891
30499
31010
30945
30006
30163
29699
31000
30421
29256
31878
30978
31282
31944
29399
31625
30354
29511
31410
31093
30017
30912
30988
29393
30622
31853
31772
31455
30764
29847
31294
30747
32024
29575
30218
32023
30092
29369
31120
31397
30280
30838
30513
29593
30011
31367
30865
30410
30707
32152
30510
31089
29869
31118
30536
30165
30614
30467
29457
29589
32202
30896
30952
30663
29550
29491
30131
30813
31562
31143
29567
31766
30461
30942
31394
29861
30639
31926
31198
30880
29837
31903
29356
30960
29409
30914
31066
32170
30968
29446
30907
30515
30052
30591
31293
30803
32305
29712
30077
31826
31193
31087
30642
30827
32565
30724
31622
31389
31070
31320
29899
29744
30659
32457
31668
30437
29663
31162
32129
30240
31962
30548
29487
30388
32342
31683
31641
31775
30934
30546
30106
32171
30465
30782
29893
30253
31549
31831
32320
30329
30905
30209
30408
29920
30201
30381
32488
30600
32013
31827
31973
31168
32556
29645
30548
43336
42278
43286
33164
33749
34342
35507
34278
42842
31960
31860
30548
30002
31699
30694
30425
31875
32531
32863
42159
41534
29826
32181
30661
30735
32131
32590
31519
30840
32102
32704
30281
32241
29663
31814
31458
30702
32087
32170
31868
32658
32041
32695
32491
31080
29966
32136
29871
30693
30085
29750
29889
31304
31321
31659
31492
31425
29931
32679
30424
30787
31706
31990
32109
32567
30264
32562
31279
31456
31247
29774
30652
30151
32308
30643
31945
30416
32143
31992
30588
31894
30680
31962
30521
30501
30301
32837
32222
29935
29888
31524
30372
31611
32404
31998
30154
36477
30756
30903
31961
31282
30076
32839
30290
31155
30278
30139
30012
31623
31560
31338
29919
31156
30251
32361
30033
32723
30074
30524
31912
30369
30144
30518
31078
31054
31606
31113
32728
31195
31934
31841
30130
30501
32086
32230
30914
32152
30129
31772
31091
32282
32058
32728
31606
32274
30915
32021
33598
42447
31563
31686
32699
30967
31136
31034
31300
32386
33922
33155
32422
42375
30363
30571
31704
31811
32170
30673
32310
31078
40381
32036
39907
30293
32970
32124
32420
30137
32279
30650
32393
31920
32008
31326
32975
31965
30497
32276
30339
32902
31650
31813
30874
32228
31650
32114
32957
32187
33056
31712
30383
32313
30499
31798
32166
31349
30960
31861
31136
33010
30280
31598
30732
32852
30418
32246
32582
32592
31334
31180
30411
30739
30925
30526
31238
30915
30217
31298
32194
33100
30671
30247
32862
32125
30575
30379
31915
33156
31761
31624
30430
32770
30099
30403
32907
32842
31000
33178
32224
32670
32280
32658
42359
34525
43117
33138
33238
31195
32564
32639
31614
35738
33479
34664
35066
31721
35024
33286
32569
33530
36448
36248
35646
33946
31670
34471
36235
33290
35449
33174
34445
34528
33324
34213
32999
32897
32241
33581
34650
32896
32993
32897
31472
50563
50201
37563
35941
34951
33208
34118
33127
33316
32882
32847
35339
34275
31516
32040
32171
34455
32984
35061
33653
34432
32856
33190
35285
32201
31441
32215
34185
32698
32442
31770
34126
33183
34539
32251
31506
31638
32659
31524
34149
33745
34057
33892
31967
34130
31376
31666
31595
31696
32046
32527
33743
31426
32265
33922
32593
33551
33942
32004
33284
33268
32147
32453
34250
33817
32862
33262
31924
31852
33211
33821
32957
33272
31773
33133
32582
32229
32337
31860
32096
33375
34432
33477
34356
32339
31899
33155
33130
33728
33850
32462
33782
34620
33848
34286
36120
31794
33535
33806
32325
31705
33331
34634
34525
34007
33282
31774
32281
33909
33748
34036
32183
32034
33328
32050
32348
32260
33410
33142
32917
32825
32703
32836
31694
34011
33672
34331
31843
32154
32166
32255
33966
34452
33767
33156
33731
34814
34662
33260
32897
34042
34408
32042
32634
33565
32584
32893
34379
32109
31887
33873
33104
33499
33250
33370
33777
31796
34383
34442
32785
33933
31819
32400
32000
32802
34111
33538
33655
33289
34644
34768
33789
31991
32904
32276
31782
34691
32651
33358
32150
33432
32845
34945
31743
32452
33578
34104
33650
34899
34060
32782
34423
33529
34799
32886
33869
33813
34576
33104
36804
31871
32224
34390
33836
33295
32084
33614
32382
32009
33634
32621
33603
31987
33584
33841
33737
34572
32262
34203
31946
33582
33001
34694
34633
31902
33799
33542
33666
31950
33655
33508
32484
32766
32744
32073
34774
34396
34781
35085
33961
33362
33046
34409
33354
32069
32790
31953
35121
34814
34074
33243
32411
32975
34199
32935
34285
32994
33430
32450
33297
33861
32420
32595
34945
32372
34042
34510
33825
32535
34834
35003
32927
34861
33814
34413
32196
34826
33810
32208
33596
32230
34865
33942
34022
33459
33287
34592
41216
33040
33744
34807
33887
32094
33407
34282
34597
34180
35110
34785
35144
34782
33329
34761
34076
34803
32967
34050
35202
33495
33493
34591
34328
33166
34480
32576
32532
35108
34613
35069
32438
34872
35241
34950
32025
34804
33172
32481
32829
33019
33629
32854
32784
35375
32155
32364
33512
32772
32817
34984
33583
34049
34574
34760
32996
32097
32546
34736
33322
43243
32150
33969
32555
34067
31973
33066
33917
33240
33403
32675
31541
33042
33496
31691
31760
32135
33904
32212
33892
32255
34174
33946
31471
33931
32003
33831
31993
32870
32267
34151
33853
31873
32688
34341
34156
31686
32499
33509
32692
34215
33922
31545
34383
33435
32215
34319
32716
34357
31961
32170
33343
33039
32530
33612
34362
33272
33497
33193
33428
34076
33717
33152
33270
34375
33520
32301
34403
34291
34034
34298
32925
32104
32927
33336
33219
33221
31904
34437
33664
34221
33560
33703
34333
33270
32975
33702
31984
33351
32086
33199
33628
33780
33813
33825
34486
34304
31900
33401
32888
34221
32164
31672
34391
32423
32872
42106
34499
34617
42106
32541
33365
33945
31540
34070
32029
32398
34030
31646
31562
31880
34201
33877
31754
32988
33431
34320
33387
31999
35530
32609
34774
33903
34803
34108
31722
34157
32390
31668
33513
32247
33145
32469
33605
33140
32779
32855
33575
32995
31710
33401
32535
32456
34736
32140
34115
32592
33014
34211
32991
34546
32307
34254
34294
32156
34909
33314
33896
32052
34590
32527
33456
31725
33070
34051
31664
33107
34465
34895
34885
33361
34965
34190
33512
33720
34675
34346
31765
33407
32442
33266
34465
31895
34528
34560
32851
34727
32592
34237
31756
34249
31825
33519
34722
32552
34248
32323
34749
34405
33763
34065
31874
32867
34073
35001
31795
34775
34539
33649
33160
33421
32570
35025
31951
33268
33622
55214
35089
34868
34651
32441
32016
32169
31936
33863
33883
33833
32073
33973
32719
31887
32096
34045
34226
34446
33558
33553
34044
33321
32176
34354
33330
32507
34863
35045
32061
34973
33551
32866
32818
33901
32250
34017
32265
32078
34528
33469
34679
35106
34797
33423
34605
35157
31988
32104
34135
32285
32307
32278
34476
35009
32622
34120
32942
35062
32694
33681
33918
32903
33420
33330
34299
33603
33304
34468
32357
32368
32273
32246
32629
34894
32626
34858
32028
33390
34714
34484
33202
32476
33935
35172
34481
34890
32864
33129
32830
32319
32557
33182
33756
36922
33274
33683
34053
32630
32107
34356
34047
32994
32672
32969
32114
33673
35282
32657
33199
33954
34595
34007
35287
33175
33627
32425
34493
32746
32632
33487
34479
34821
32347
33480
35024
33219
34348
34850
32530
33737
33187
34740
33287
33606
33283
33832
34781
34441
33197
32293
32817
33553
34509
34790
35345
34447
34446
34855
32418
35145
33310
35406
32513
32153
35408
35034
34460
34417
33603
33957
34881
32735
33424
32947
33642
34930
35008
35032
32870
35158
33148
33477
32658
35298
34545
34134
32368
34114
34873
35047
35411
35437
35295
35140
32353
32852
33812
33709
34794
34860
35403
34056
34088
35119
34358
35724
33634
32882
35428
33314
33091
33841
33853
35319
33388
34631
32594
34141
32990
34271
33307
33143
34515
34046
33603
35457
34397
35177
33353
34694
33148
33045
32894
33193
33428
33409
35289
33997
33089
32823
34050
34171
33719
32306
33768
35304
34170
35170
34727
35174
34778
34345
33962
32494
32912
35827
34271
32956
35148
32457
32813
33366
33272
34107
35111
33342
33359
33347
35688
35481
34872
32590
35144
32683
33475
34585
34186
33096
34800
33193
33066
35046
34909
33890
34677
33618
32983
32725
35325
32964
33639
33111
36580
35009
34189
35344
33923
35288
34288
34288
32997
35188
34110
35081
34736
34819
35915
32665
35796
34716
32759
35422
34378
33777
36626
34289
34317
34517
33539
34746
35006
34441
35635
34507
35228
33541
34481
35852
32619
33981
33782
34424
34686
33506
33386
33921
34918
34699
33489
33310
34095
34038
35429
35531
34402
35895
35618
33697
33396
33811
35163
33762
33564
34159
35343
32725
34092
33453
35557
35732
34120
34248
32722
34392
34297
35860
35636
35374
34455
32901
32893
33011
34430
35051
33566
33421
32949
35946
34830
34874
34506
35680
35539
35149
33440
37249
35787
35358
34844
34370
33242
33068
33550
35878
32867
34132
34991
34080
34161
33346
35966
32838
32946
34017
32922
35389
32914
35650
35652
35756
35343
34190
32970
33110
33731
34083
34366
35987
36006
33327
34043
34140
34818
33980
33368
34904
34379
34771
34185
35383
35617
35158
33083
35959
35585
34794
33583
34353
35902
35323
33613
33176
35254
34396
32975
35120
33264
34382
33489
34952
33127
35872
33671
35049
33343
35164
32911
35540
32838
44321
35858
43454
33243
36287
34203
33487
35358
35158
33322
33419
35698
34297
33813
35239
34386
34438
35386
35388
35435
34399
35431
34780
33271
33008
34291
34815
33788
34929
34044
34076
34491
35893
33182
35491
34954
36138
35607
35565
34660
32947
35964
34424
34122
34556
36124
34777
35079
34650
33204
33137
34921
33391
36091
34125
34147
33568
34689
33070
35935
33680
33265
36429
34830
35835
36314
34252
36259
36308
33678
35297
33253
33700
34147
34639
35486
33583
33949
36119
35998
35067
33923
34115
33560
33427
35840
35839
35140
35093
36336
35500
35576
33373
35683
34075
33463
35694
33547
34850
35409
35140
34869
34434
36483
35523
35708
34558
33550
33586
33180
33991
34882
33237
36225
35864
36394
33281
33745
34772
34324
33267
36537
35203
34078
36508
33909
35716
33691
34670
34107
33315
35267
35347
33712
36513
45978
47173
36132
35360
34883
35080
55311
55998
34415
34410
36715
34839
34332
34600
34801
33658
36214
35184
36356
34330
34278
36698
34111
36243
34435
36191
35993
36494
36096
33623
36604
34514
35922
34390
35652
34759
36289
36289
35056
33452
35502
34272
35806
36821
33991
34603
36283
33390
36383
35358
34359
34549
36590
36246
36743
34370
35785
33411
33761
34053
35951
35088
33408
35244
37075
34583
38047
35989
33540
36175
34815
36373
36417
36747
35064
34018
34053
34731
34772
34106
34893
33926
45020
35951
36852
43943
35705
35101
36096
35904
36551
33627
33500
34038
35716
36307
36756
34823
36801
34645
35284
37007
36490
35894
34681
36236
34442
35341
35105
36413
36074
37021
35118
34855
35318
46896
35902
36967
37805
35865
35582
36741
37412
34678
36234
44513
33860
34942
36487
36520
34265
35068
35187
33813
33605
34156
35938
34393
35541
34643
36861
33852
35073
36936
34118
34491
33848
35243
36889
36324
33643
35689
34851
35406
36949
36631
37004
34840
36042
35309
34550
33784
36517
36273
35527
35659
35141
34693
35726
35391
34204
36467
34647
36375
33881
33929
36948
35833
33839
35555
36652
33819
36238
36601
34536
34653
34258
35609
36249
34273
36149
36390
36588
36804
36047
36385
35975
35873
34078
34033
35599
34043
35357
34778
36325
33858
34255
34749
34921
34697
35272
36851
34824
37032
33809
37175
35741
34767
35151
34449
34154
35002
34078
35516
35139
35205
36288
36804
36812
35469
34628
36221
36452
35253
35810
34282
34860
34352
36035
36364
36168
37260
36721
35223
37044
37003
35266
34133
35237
36217
35164
35353
37047
34602
37087
37022
36883
37380
34771
36441
35908
36590
35434
34184
36267
34780
36406
37325
36317
37293
36369
34257
36823
34186
35084
35712
37137
35757
35377
34265
35042
36790
34329
36026
35378
36649
35694
36614
36222
36174
35185
34292
34532
35601
36385
34831
35885
36034
37309
37064
35993
34425
34911
34611
37016
36725
35942
34614
34661
34852
34791
34319
37497
36267
34201
35381
35817
37182
35420
36983
35266
34822
36424
34380
34919
37405
36203
36286
34924
37582
36216
34787
36302
36132
34393
38484
36627
34877
36248
35368
34485
37012
37407
37305
35784
37412
34185
34741
35670
35833
34765
35303
34522
35196
37102
36135
34955
37116
35744
37187
34916
37075
36089
35039
35033
36518
36262
36384
36101
34851
34680
35037
35602
36130
34583
35723
35553
35262
36691
35898
34600
35142
36719
36873
37187
34344
35549
36420
36278
36695
35950
37253
34293
35086
37007
37493
36706
37669
34719
36136
34612
35150
35977
35438
37111
35183
34263
35582
35951
46901
38819
44961
36839
37694
34448
36891
36399
36189
34875
36661
37095
37448
37192
35257
36291
35739
36141
36318
35044
37356
36986
36964
35899
37509
34865
37720
34704
37566
36668
36062
36954
36795
36641
37833
37010
35249
36083
35144
37799
35564
36908
35340
36225
35541
36759
36252
36451
37903
35496
36134
34643
35605
36900
36942
36721
34799
37797
35494
36289
35316
36253
34604
35176
36834
36575
36691
35854
37775
35896
37413
37175
36762
35362
35461
35031
37837
36459
37206
35701
36637
37388
35407
38009
37892
35444
35077
37174
35946
37244
36701
37373
35966
34797
37734
37542
37834
37176
36472
35149
34646
37455
37912
37157
36009
35926
37096
37539
35654
37262
37050
35806
37971
34667
37463
38004
35818
35129
38145
34702
35532
35361
37825
36049
36719
37352
37710
38133
36146
38092
35529
36418
36592
35462
35149
35136
35286
36996
37557
35722
36247
34654
36001
38248
38029
35205
36777
35174
35604
34760
37024
37140
37626
36405
34793
37508
34899
35085
35526
36018
35065
35485
35721
36497
35735
37696
36275
35557
37340
36626
37087
36596
36374
37474
36396
36328
37936
37046
37687
34910
34945
34805
35892
35678
36401
35045
37790
37125
36352
35067
35841
36900
39132
37031
36637
36295
37626
36992
35446
36941
35387
37505
37207
34882
36617
37370
37099
35764
37333
35217
37575
38140
38100
37877
35451
35380
35841
35889
35633
35509
37626
36414
37157
37074
36206
36239
35526
37388
35377
37586
36191
36579
38302
37500
37793
34919
37182
37468
36661
36272
38397
36292
35217
35687
36728
36766
36478
35187
37944
36762
36179
37534
35106
34986
38353
35362
37562
38311
35326
36561
35022
38224
38263
35202
37734
38004
35390
35820
35766
37483
36652
37373
36921
36024
37725
37311
38517
37634
35941
36810
35651
36300
35195
36864
38028
36308
36215
37981
37469
38492
35883
35796
37438
36019
37952
35374
35333
37708
35585
37267
35145
36226
35394
35765
37374
37433
36620
38363
38249
35198
37563
37286
36940
37780
36453
37591
35764
38293
36487
37130
36638
38309
35822
37703
38398
37273
35442
35565
37810
36597
37976
38388
36392
35419
37160
36446
35377
35425
35822
38261
37395
37514
36632
35573
36809
35991
35260
37262
38744
35863
37541
37194
37933
36680
37545
38232
37788
35420
37026
35442
36613
37995
36280
37105
35502
35822
38352
37613
37425
46441
45593
35574
37065
36722
37084
36246
36198
36516
37378
37204
36959
37747
37287
37629
36026
38903
38871
37449
35402
37597
37485
35356
36667
38704
37135
37610
37798
35878
35660
35522
35418
38271
36426
36494
36085
35662
37240
38486
36206
36963
35831
35716
37418
36328
38605
38268
38883
35718
36745
35605
37338
37251
37846
35627
38014
36641
36707
38515
38020
38327
37084
37083
38393
36487
38043
36870
36331
37907
37945
36151
37653
36250
36600
39030
38737
35819
35854
37098
37018
36361
38361
37507
37552
37656
35952
36412
37680
36772
37682
36043
37744
35775
36198
36167
35576
37247
38832
38110
35934
37049
35870
37794
35704
38163
36004
36709
37485
36857
37414
38104
38848
39125
38496
35900
36952
37686
37876
38570
35885
37092
38486
38694
38713
39025
37342
36028
36109
37287
37447
38106
37550
38809
36834
38428
36004
36094
37957
37963
36177
35625
35855
38466
38342
35577
39024
38827
37740
36847
37505
38445
36800
36518
38587
38117
38005
36767
36538
49229
46843
36277
36231
37272
37848
37853
38179
38652
38062
38625
37899
38579
37082
36331
36578
38444
39215
37598
38205
37823
36966
36038
39204
38901
38749
36707
36486
36457
37142
38001
36486
38297
36489
38322
36227
38251
38208
37473
36330
38812
38027
37442
37806
38705
37673
37962
36212
38291
36815
36481
36233
35989
36760
36873
37799
36243
36080
36401
37139
38519
39236
36804
37478
36009
36095
35943
37743
36191
37257
38390
37399
36539
38765
37327
37208
35853
36323
38992
39162
36550
36817
38347
39253
38956
38966
39157
39385
38202
39285
37639
36105
38530
37651
36757
38986
38706
38988
37357
38629
37505
39238
37444
38693
37592
37181
38627
38129
39149
37903
36187
36579
38563
36291
36996
36630
35935
39518
36928
37172
38006
38624
37791
36153
38166
39466
36139
36157
37970
38151
37856
37360
36018
39655
37502
37242
38520
36620
36918
37074
38219
37171
38015
38630
38735
38634
39269
44894
42770
36604
36479
36627
40735
36955
38201
37236
38649
39027
39303
38461
38955
36105
37638
36528
39530
36446
38272
37703
38043
36279
38742
36639
37844
38324
36263
37734
37644
38995
38975
37923
38100
39230
41161
37879
36360
37730
38853
38946
37956
37568
37636
37094
39492
39243
36682
37684
36551
38784
37964
37827
36443
37304
39354
39759
39414
39422
38443
36765
39794
39373
36848
38391
38223
38685
39556
37060
37993
39522
39756
37274
38378
39140
39291
38585
37424
39198
38519
39128
39343
38437
36403
38370
38778
36355
39547
39167
39827
38599
39528
38416
37477
38884
39087
38609
38727
37530
36472
38904
38407
39936
38258
36769
38004
38692
36768
39747
40122
39253
38637
38279
36961
36684
38912
36472
39795
38096
37744
38025
38607
38279
39329
37027
39887
38205
39892
40149
36913
40083
38281
38313
37338
39808
38109
38651
36854
38937
36879
38654
39579
39975
40006
37058
39511
39762
37105
37385
38052
38277
36770
37103
39932
39926
36724
37684
37469
37630
40028
37814
38217
37471
38835
38860
37971
37854
37944
36577
39711
39094
39145
38128
39432
38784
38303
40216
39772
37069
38208
37803
37551
39319
39365
37650
38955
37385
40176
39776
39966
39124
39733
39923
40008
38411
39037
39646
36930
37023
39468
38366
40143
41728
41393
38895
37477
39314
38719
38356
37770
40117
38195
38961
37762
38354
39265
37231
38325
38535
38534
36801
40490
39695
38169
38872
51026
47799
37343
36905
36923
40062
38396
38310
38233
38206
39755
37231
38190
37915
39992
39075
39768
38255
39854
37160
39560
36724
38407
38212
37426
40143
37035
39296
38078
38222
38254
39171
38578
37766
38358
39059
38344
39874
39014
38103
38240
37512
37556
37253
40595
37254
36908
37632
37206
38159
39026
37064
39773
37485
39714
37376
39926
38344
37382
37106
41276
38035
39870
37876
38548
39686
40170
40308
37592
39889
38547
39600
40333
38299
38681
39248
39050
37678
38049
38837
38070
39423
38408
39916
37217
39049
38576
38218
37232
37006
39621
39104
37614
37129
38898
37974
40535
39352
39926
37592
40067
39832
38812
40646
38512
39864
39983
36993
38365
48424
41444
39151
38376
38059
38894
39775
46970
38920
37538
39161
38766
39137
39901
39895
40668
37155
37644
38891
39658
37015
37621
37283
39726
51195
47574
37593
37286
39938
38015
38651
37704
38314
41811
39479
37431
38774
38690
40490
40192
36945
38890
38142
39084
38533
37454
37782
39851
40369
39524
39065
38657
39763
37022
37170
38287
40360
39458
38083
40476
38234
38614
38741
39560
40636
40682
39775
38520
38688
39800
38693
37629
40614
40667
37519
39333
40665
40279
37820
39821
37495
38710
40711
39871
37345
37121
38379
38981
38702
39306
40177
39065
40640
39160
39519
40123
38187
37307
37401
38489
37892
37452
40658
39304
37475
37745
39316
40855
37915
37425
38603
39986
40331
38533
37528
37288
40705
40553
40331
38919
37569
40034
39193
39390
40290
37377
38132
40110
39831
38170
40006
40882
40973
38009
39660
41086
39255
52301
42347
48486
37241
39043
40288
39379
38309
37989
37785
40761
38976
39799
39886
38303
39014
39703
37488
40936
38476
38987
38365
40494
41021
38894
37864
37203
40258
41088
39510
40778
38925
39667
39439
38157
48680
41188
48971
39169
37630
37930
40789
39333
39411
40618
40434
37562
39490
38178
38074
39843
39206
39933
40714
37594
40238
40853
38483
39084
40759
40634
40387
38789
38536
38664
38877
40485
38740
40968
40071
37694
40016
39372
41214
38028
37976
39613
37683
40663
39561
40611
41059
39161
38871
38902
38650
40363
39091
39579
40710
40038
39630
38738
39203
37866
40246
38872
39306
38812
38428
39135
38072
38878
39302
38505
40878
39233
37940
38604
37674
39802
40003
38253
38702
39921
38769
38886
39418
37926
38540
39785
39871
38390
38382
39990
37645
41517
38343
41296
39162
39189
39765
40210
39480
40122
39485
41455
40915
41027
40926
40475
42550
39903
39935
39271
41594
40973
39139
39375
40348
40148
40601
37616
37806
40844
40640
40694
37646
39081
38809
40657
37779
38391
39314
40741
37711
39387
39991
41208
41455
40263
40652
38317
39829
39186
38333
40600
41509
37746
40456
38186
39260
39414
38847
41282
38709
38604
37984
41248
41131
40747
39204
37914
39795
40723
40704
38820
38907
39610
41018
38979
40337
41048
39886
39891
40789
39276
38508
40673
38262
39026
39289
38989
39952
39509
41338
40359
41509
38450
40819
38158
41347
43082
40836
38435
38525
39951
41483
39405
40755
38493
38712
38404
41664
39277
39861
38305
38835
40814
41100
38939
41746
38268
40992
38276
40687
40704
40120
39378
39353
39240
41437
40953
39213
40690
39242
40743
41587
39449
40132
41586
40089
39104
39654
40173
40010
38228
39359
41465
40963
40374
39442
39928
41161
40307
38160
38996
41611
40296
41708
38075
40165
41163
40438
39969
40373
41160
41528
41082
41454
38842
39932
38559
38214
39957
38869
39321
40281
38571
41250
41574
38483
40549
40770
41718
38255
38231
40647
40122
40745
41226
39761
39026
38532
39837
41175
40435
38758
38901
38999
41462
40751
39801
39204
39885
41772
41487
38787
38930
40622
39014
40144
41844
38667
40495
40327
41354
38498
40167
40558
40931
41651
41312
38335
41699
40789
41609
39928
39161
39450
39658
40733
41920
40657
38448
41402
38124
39582
38711
40747
39797
38620
41809
38424
39289
42072
38395
38443
38889
38376
40859
40861
39734
40152
41439
38778
50318
42973
50558
41356
40911
39228
41719
40781
40922
40804
38769
38218
39312
39156
40223
39066
39349
40191
41068
40888
40790
41091
41881
40537
39798
41884
41525
42071
40374
40310
40623
39762
41194
39971
39650
39760
40161
41828
38962
41793
40167
40199
40060
39590
40467
41542
39803
42065
39202
39929
40669
39092
40559
41398
38583
40588
41294
42389
41373
40108
41724
40443
40139
39602
42008
42430
40739
38404
39929
39277
41174
42046
41848
41168
39726
38982
40060
40157
38609
39638
38867
38983
40102
38686
38859
42061
41300
39387
38527
38915
39619
51563
42024
40266
41149
39692
40327
38893
41333
39636
39223
41676
41595
38771
40815
39909
39851
39686
42231
40898
40692
39036
39597
41848
38601
40850
41935
41556
38586
39728
42332
42050
39729
38716
38772
42234
39326
41062
40718
40758
39570
38907
42042
39696
41621
39433
41741
40258
41435
38680
40008
41596
40652
39352
39464
40754
39225
40864
41267
40282
41015
41779
40337
38870
40614
42179
39155
41370
40384
40746
39094
39235
38624
39656
38900
39187
43719
40271
40808
39329
39813
42053
41422
40099
38842
39964
40724
40480
42028
40797
41053
39976
41285
41868
39029
38912
39219
40808
41155
39416
40579
40921
42140
39815
42522
42050
39138
41098
41433
39677
40244
39810
41775
38947
41071
39904
39719
40423
40513
40569
41488
40033
41869
39151
40423
38894
39889
40121
42470
39953
40012
40270
39192
39191
40821
39371
41163
41112
38799
40616
42136
41461
41918
40762
40838
40004
42516
42680
42524
39210
42068
42307
40562
41178
42056
41323
39464
42718
39355
39352
40151
39672
40903
42790
39853
41111
40183
42700
42300
42521
40392
40366
39488
39962
39839
40752
41110
40268
39567
39596
40773
39173
39196
42975
42334
39880
40578
40091
41801
42545
42186
40293
42201
41920
39073
40502
40810
39461
42548
41143
40039
41545
39282
40262
39980
41691
42895
41762
39945
41305
38976
41914
42032
41337
40827
41398
39319
40824
42812
41508
42544
41179
39695
42933
39356
42231
41590
41001
40243
39079
41901
43081
40564
41888
43407
42283
42923
39501
40874
39643
40224
39120
42822
41154
39825
42050
42201
39967
41979
39606
38984
39533
40800
41676
39497
39667
41735
42219
41900
41434
39644
42474
43034
43059
39827
40871
39088
50909
41178
42517
40962
44447
51640
39361
40392
40172
39775
42414
42484
39404
42502
41179
41823
42802
40620
42193
40650
40458
42296
39445
41739
43025
40575
41469
42783
42442
42409
42528
41696
40816
42317
40470
40010
40197
41611
41790
40619
40803
40195
40114
42725
42178
43547
42589
42828
42006
40094
39233
40688
40100
41848
39657
41608
41873
42708
41888
39864
42667
42588
42513
43009
39994
39660
39324
40737
42527
41359
39549
42447
39997
41844
40571
43237
43001
41539
42802
42757
40393
39960
41455
41713
40220
43005
41974
43109
42119
41806
39532
43119
39600
42814
40999
40487
41603
40099
42519
39830
40877
40091
41004
41470
40463
42409
40086
40193
40269
39778
41539
41327
41895
39642
40603
39702
41243
43278
50664
43453
50865
42029
47670
40191
43545
40962
41614
41384
43326
41487
42541
42808
41879
40394
43237
43354
40331
41745
41450
40258
41841
42171
39766
42665
43517
42705
42717
42366
39915
41342
41911
39562
40153
42667
40217
42390
43087
39881
42468
43444
40390
40049
40547
40313
41230
41468
40988
41036
43520
40574
39978
42355
40975
42098
40446
42945
42860
40456
42696
41939
42090
40597
42958
39547
40754
42939
41273
41005
41816
42356
43552
41072
42469
40120
41408
41262
43038
42576
92482
41650
41390
43319
42775
41316
41153
43266
42976
40765
42576
39808
42464
42903
54599
43895
43758
41197
43379
44402
44129
45103
44508
42109
41459
42861
44505
43037
42949
41508
43236
44068
44439
43515
42303
43651
45075
44397
44507
45007
42889
43813
44728
42608
41727
43674
45164
44779
42376
44866
43392
41943
42916
41653
45052
43864
43986
42155
43094
41915
42485
41798
45292
44393
42683
55254
41898
41361
40285
41349
40748
40317
41903
41674
55226
42103
43500
42292
43181
41971
43111
40949
41094
42638
40760
41572
43858
43158
44003
40485
55156
42995
43351
42002
42263
44578
44190
46155
56051
44690
42862
40798
43885
42799
43429
42321
40597
43662
41357
45476
43255
43676
43513
44639
43529
41586
41911
41289
40565
51322
42553
45090
42962
42649
42446
43417
42194
50730
40479
42702
41357
41218
43740
41426
40948
42163
41592
42463
41389
40032
39989
43291
41589
41618
43504
43770
42348
40259
44396
43300
44067
43050
41328
42163
40444
42442
43795
42145
42275
43364
43884
43823
40358
43779
43812
42930
41443
43048
40354
42793
42893
42732
41414
42553
42374
43375
43279
40933
42007
40776
41812
41517
41444
42764
42544
41680
40622
43746
42983
42093
43582
40979
40897
41513
44154
42001
40527
44316
41723
40692
54644
42154
41667
42905
45420
45390
42967
43866
44372
43229
44131
45422
43705
45224
44431
43158
44158
44611
46441
52670
46515
44399
65004
57679
42592
42576
42409
43731
43964
46258
44120
44342
42959
43837
41564
42327
42007
42236
43372
43723
42310
41323
43560
45041
42861
42980
42314
42324
44146
42439
43125
46548
66986
42268
41076
41419
43035
40659
42605
41674
40360
43913
41281
40306
41521
43992
42031
42465
41816
43042
41371
42980
43516
42813
41529
41749
43541
43480
41392
43497
41440
41285
42250
40825
41451
40860
43706
42390
43403
44198
41726
43188
40699
44519
42307
57886
52110
43589
40935
41253
41930
40786
40879
41532
42153
42929
42187
48968
47532
43701
41871
40878
43954
41295
41116
40957
41251
44471
44019
40889
41575
42062
40859
41934
44432
41902
41853
41833
42519
42771
42767
41802
42044
44276
40930
43254
42739
41886
40973
42411
41833
42822
42188
42259
42828
42183
42689
44480
42794
44480
44456
41046
43049
44428
43606
44063
41016
43926
44277
43773
44197
43623
43926
44407
42970
43224
44207
44046
44483
53026
45263
52436
41687
43281
44448
42612
43544
41712
42478
42341
43781
43841
41057
43078
41398
42258
41564
41818
42511
42980
41020
43553
43898
43250
41619
44429
40664
41272
41094
42116
43322
41843
40751
41673
41276
42787
44770
40978
42197
44000
44546
40738
42322
42261
44096
44525
43282
42504
41706
41835
41526
42198
41004
42102
42519
43664
42039
42407
42514
41089
41514
42713
43048
44639
44144
42306
42488
44193
44210
43132
40893
43977
44963
42845
43714
44816
43057
41006
41548
43817
42712
44121
43020
43938
42428
41112
41911
43824
44603
41827
41527
44626
44472
44896
41181
43834
44735
41892
43121
43364
41087
44287
42666
43339
42180
42848
43554
43293
43766
41178
43350
42396
43363
44234
44868
43012
41513
42523
43351
41015
43216
44360
81127
43475
46153
45228
42389
43986
45615
45509
42578
43010
44863
42084
42844
45979
43252
45708
42334
44492
44738
44919
46037
45291
43184
42212
45250
46059
46103
45357
42237
43990
43016
43581
44266
43255
42303
44754
43997
44291
45199
45051
45259
43161
44627
42331
44878
44935
45892
43375
43410
44603
44584
46415
46533
44535
44950
44586
45906
45212
45273
42973
46190
45073
46157
46111
42854
43836
46312
43464
46057
44870
44139
45384
43555
43706
45081
42478
44812
45034
45807
46609
45856
46469
45234
43172
45934
42677
44293
44608
43908
46478
46175
46430
45741
45758
44405
43886
42405
46233
44120
46380
44874
42484
44153
45171
42630
43110
46128
43064
42541
44757
42760
44475
43634
44317
43492
44307
43188
46018
43850
44259
45546
43527
44869
42646
43884
43345
42642
46010
45149
45564
42986
43335
44098
42958
42584
43680
44281
44049
42677
46513
43181
44600
44592
44963
45782
43735
44581
45781
44892
44016
44528
43898
45683
43142
44607
43854
43954
45457
44082
46464
45872
45765
44336
43694
45301
44459
45555
46507
44667
44972
45586
43179
45271
42594
44457
45255
45180
45837
44594
46640
45862
44160
43169
43946
43132
45075
42553
46228
43400
44739
46899
44556
44169
43650
44194
43419
46975
42863
46256
45488
44949
46996
44823
46430
46547
45733
44029
45552
43760
44011
43941
44752
42757
42977
44272
44724
44741
44071
42672
44622
46038
45813
43363
42741
44950
45617
45546
46383
46618
44396
45299
45684
46411
43069
46503
45271
47135
43960
43781
42895
44164
45829
43402
43324
46369
42828
46024
42871
43218
43698
46202
44533
46355
45049
46999
46726
43683
43812
43114
43610
42864
43076
43940
46722
45949
43315
45849
46010
47195
44205
43271
44602
43914
46106
42879
46357
43344
44193
44113
42919
44369
46796
45466
45608
44161
43048
47259
43426
44646
43116
46985
43816
46287
43862
44824
44043
45146
46567
43669
44683
44760
46270
44342
45464
45082
45209
45622
45226
45901
44072
42948
44805
43871
44114
46693
43094
46156
43304
54084
43087
43304
45079
42837
42720
43455
45570
41797
44787
45404
45680
43147
42839
45047
45905
43154
45244
44676
44663
43836
42577
42843
43676
42476
42898
43745
42266
43834
45305
42657
45666
45510
45240
42056
45701
42672
44131
42248
45020
45192
44390
42568
44072
45818
41986
45592
45837
45554
42969
43424
43750
45627
43209
45604
43954
46107
43387
43761
44252
43967
42245
45578
44057
45014
44114
43260
43605
45335
42182
45682
47251
45950
42844
41986
43469
42258
43765
45258
43474
43058
44202
42280
44019
43888
44519
42376
42764
42624
45507
41789
43098
45807
42585
42839
45440
43568
44933
44426
44357
44414
43363
43694
44898
43454
45274
45422
45675
43023
43824
45675
42196
42809
46229
43122
42521
43266
45397
45772
44579
44204
44734
44631
42552
44353
45414
43685
45409
44941
46067
43604
43279
43245
44599
43007
43726
42091
43278
43840
45227
42191
43287
43483
45973
46125
42199
43718
45758
46025
45660
44952
46051
46251
45676
42095
44087
43565
45283
44702
43931
45414
45105
45130
44511
43092
44775
43846
46071
46344
45453
45506
42427
42940
42175
44615
43141
43291
44918
46520
42317
46195
45530
45412
44293
42869
45949
44021
42963
43284
43485
42511
43135
44678
44747
45747
46370
46390
45773
45512
44456
44146
44462
45076
44123
45568
44259
46406
43770
44203
46340
47144
44187
43945
44346
46557
45739
43718
47456
45735
43471
44007
44007
46424
42301
45496
45953
45519
42400
45070
43324
43027
43518
42814
44504
45519
44006
45884
47013
43374
44633
45888
46129
47409
57902
45469
47894
48193
47815
68613
70550
47641
45109
47187
55440
42630
46258
44986
46115
47146
43761
46435
44736
45484
46104
46834
46805
46030
46270
43808
46675
44578
44121
46640
45503
46794
46073
45032
47274
44645
43191
43805
47400
45914
44048
43687
44653
48962
45948
44650
44794
47581
43390
44042
45738
44725
43635
45949
44029
47109
44646
46934
45366
46234
45692
45710
46795
44172
44073
47635
57049
53004
44835
43322
47182
46920
46354
43702
44584
46112
46701
42767
45125
47078
46343
47045
45370
42583
44119
45504
46002
47580
43441
45784
44246
43348
42823
45315
44726
44273
44217
44174
46114
46433
44827
43024
47003
44313
42912
47205
44821
42673
46191
44261
47669
47353
46393
44942
48540
45643
43674
43272
44566
44906
45111
45788
45850
44358
45297
45030
46876
44284
45310
45713
45719
43831
43305
45055
44432
46981
44298
47374
45527
46689
44549
45197
45003
47353
46773
48034
46275
44201
44752
46650
44979
45800
44625
47522
46792
43982
45343
45061
47489
44540
53662
45616
46523
47617
47864
47538
48748
47732
53489
45091
44673
45764
43262
45610
46678
47169
45878
46041
45720
44387
46144
43730
44660
43375
46010
44976
46272
57874
54912
43249
45359
46417
46149
45652
44817
45278
42878
46147
46592
46415
46057
45804
42832
45122
42701
43221
46972
43154
44116
44387
45618
44990
46213
46284
43210
45785
44831
45199
46149
44867
45333
43692
44671
46380
44069
45450
47136
43220
43511
44566
46102
44940
43839
47111
46357
46238
43933
44758
43435
46234
43111
47302
47011
46375
46251
43758
43617
43545
45088
46028
46546
46444
45687
45058
47018
44555
45325
45519
46870
44456
46633
45517
44856
43141
45613
46796
44004
44630
46546
45434
45049
44870
44933
44495
44709
44154
46968
43938
45443
47301
44859
47444
45101
44789
47069
46810
44254
44378
46175
45763
44443
44472
46806
47561
47549
44075
46670
44327
48088
47205
43032
44617
44483
44752
46265
44532
45953
43912
45455
47021
48481
46343
43859
44424
44696
43611
44998
45586
47363
44376
43497
45961
47682
43562
44879
45386
47074
44867
44219
44982
46097
47436
44282
44143
46029
47778
47511
46962
47245
43697
44814
46571
47754
45464
47063
47269
45963
47104
44491
43702
45178
47066
43938
47338
45692
45819
45759
45118
48034
45217
47567
48383
46485
47271
43583
46826
44275
45507
45329
45654
48439
44179
44589
46528
44384
46777
46528
46466
44843
44998
44972
45523
46636
46615
46091
48289
46805
47251
44068
44569
45220
47319
44509
47800
44758
46441
45831
47593
47127
48434
43584
45326
45563
44819
46253
45309
47320
47611
44783
44625
46817
45918
43765
46424
45924
44766
44705
47411
47020
43830
43557
47792
44452
46134
45698
48666
48701
46923
46492
47018
44814
45867
44579
46905
44610
47771
46663
44903
48163
46258
44157
44831
46122
47718
44596
47570
44625
47162
44766
44440
48516
44876
43790
47935
45104
46105
44898
45590
46290
47767
43619
43677
45582
46458
47257
45197
48341
48320
47002
44223
45578
45412
47606
48552
46332
44248
47661
45769
44548
48284
48013
46310
47887
47478
44661
45374
45891
48732
44341
45278
45298
45088
44521
47109
46404
48882
46811
45633
47476
45559
46203
43958
48452
45154
46609
46772
46371
47653
46647
47698
47358
46057
47612
46672
47909
45112
45214
47461
48773
45386
46452
48736
46723
44141
47543
45442
46941
46372
44735
48065
48105
45969
47375
43896
44732
46455
46474
48499
47924
48230
43987
48232
45348
46545
45125
46806
47392
45217
45169
45219
47383
48698
45945
45176
47462
46143
46753
46832
48340
48918
47017
45725
47034
47629
48110
46901
46296
46601
45471
47962
45606
45239
47152
48196
47894
45225
47711
45314
46751
45728
47797
45055
46881
48888
45018
49167
48775
44682
43976
47099
47963
48779
44478
46917
44862
48241
47118
44596
46105
47237
45422
49306
45538
47773
46827
47414
48420
46265
46428
49179
57898
57867
44731
47699
48486
48167
47502
48539
46949
45218
46734
44544
50048
49645
47562
49713
47377
47302
45176
46327
47286
46892
46692
45946
46040
46703
46331
45521
47238
46449
44975
46337
48734
48318
44879
44700
45997
46346
47779
49324
46830
48216
46103
44450
47047
49471
48383
50007
49175
45704
44927
45683
48730
48169
47210
47572
46100
46168
46237
48498
47170
46693
44117
48536
49809
46751
44168
44646
46008
48232
55039
59247
45493
45417
45778
48458
45719
45737
45368
48363
45777
46066
45961
48138
50175
45558
45723
48018
47927
47538
45201
47940
46320
49180
46383
48774
45755
47257
45799
48200
47397
48232
46106
45941
48874
45701
44676
44407
48517
45557
48705
47494
46975
45144
44465
45721
48511
47074
45705
49979
47667
47622
46605
47914
48494
47572
48722
48053
45402
46695
44883
48744
50964
49809
45316
47658
49608
48074
46116
47491
48334
45764
48626
48806
49144
46457
48332
45004
48430
47959
48550
49919
45624
44940
45185
46443
48743
47550
45072
50069
47987
47006
45798
45248
47244
47952
46938
50492
48301
44491
44349
48116
46424
45382
46485
49355
46983
47480
45952
46024
47743
49958
47051
48288
45987
48522
46429
47037
48832
49150
46579
48915
46036
47299
45600
46940
48397
45682
46896
46924
50259
47132
47491
47740
48091
49281
48789
46015
48827
46024
48265
47683
49109
47215
46576
47098
49353
46537
45619
46400
47701
46509
45947
48232
48277
46842
45020
46560
47874
45846
47239
47013
49105
45307
47989
45292
47070
47060
48585
48202
47713
47606
45817
48014
49244
47780
44894
46363
46066
45201
47371
46470
47000
47834
46123
46963
48288
48703
46967
46379
47600
46818
49162
49408
48097
45742
46940
45126
46684
49024
48605
48504
46828
45395
46425
46807
49045
46049
47555
50222
48794
45145
45046
47370
47899
46254
49143
47022
49394
44735
48569
48976
48002
46968
45395
47560
47640
45662
46788
47123
48982
46384
45274
48670
49760
47859
45257
47851
48139
48771
45935
49994
46336
46265
47562
46868
46715
46199
48085
50398
48464
47397
48410
49082
47939
48361
47865
48511
49796
48624
47256
46805
46438
49544
44881
49104
48281
49207
47258
48804
48013
46273
45568
50196
48109
48938
48812
47385
48486
47059
46891
51281
47813
45771
48726
46326
48272
49180
46455
50259
50474
45115
48951
45361
49988
47109
49211
49242
50175
45977
47210
48325
50420
48414
48037
49649
49192
47681
47114
49294
49619
48672
48013
48017
47428
45987
47608
46307
47425
48205
48995
49644
49701
45116
48874
49220
50688
50229
46218
50183
47063
48241
45157
47414
49277
47522
49150
50716
48305
49118
58699
59474
47299
48652
47786
49965
50073
49291
48456
47722
50749
48327
45295
48492
47372
45294
48154
45968
50446
47049
45292
48438
47226
47176
48304
47551
48142
47762
47306
50825
48129
47450
45179
47582
49065
48289
48354
49315
46970
47083
48366
47031
48855
49169
46080
51895
49709
48673
46128
48434
47408
49148
49223
51505
50012
45308
49272
49628
51783
48371
47229
50143
49562
47305
49438
47805
51731
50542
48395
49369
49948
45290
45341
45822
48674
47696
46659
51841
47155
46751
46667
49724
49620
62050
46611
61701
47896
56797
64996
47175
51924
48672
49841
49022
50624
47281
48108
48204
47923
50836
48029
50038
47357
47015
45248
49436
49651
50340
46529
51268
49379
46628
45670
48591
51176
49762
45512
49143
48468
48892
48422
49848
51619
46662
47727
52773
50406
46835
49656
45822
47690
49534
47508
51101
49091
48986
47727
47784
50556
48535
47912
49382
47274
45489
49002
47643
47769
57108
48122
61958
51012
46871
45842
47234
48928
50035
49929
49455
48407
48620
48404
45449
50613
46873
45522
49863
49730
48356
46699
48773
49896
62406
48440
52932
52333
50791
51055
58983
50855
48000
46605
49157
49665
48050
47759
49832
49408
48403
46034
47475
50859
50709
46209
49389
47784
48972
47388
49598
49766
47710
47072
47948
47214
48184
46289
47471
50261
46116
48836
48991
48190
47729
47641
51475
48660
49017
45958
45987
49676
48235
46093
50894
49417
45883
49703
49686
50689
50965
48752
48560
50227
48262
48627
49096
48115
48044
47281
50164
47109
46280
48474
46306
51223
49452
49900
49915
50151
50184
49528
45587
47606
49207
47982
47502
49677
46719
46323
47026
49199
47402
49548
48287
49695
45839
46825
49944
47853
47740
49161
50137
47116
47157
47676
49742
50067
48634
49562
50827
48746
48467
50048
50182
48445
47547
45780
50806
49707
47096
46373
49444
50545
49509
49854
50157
50780
48905
49577
49593
52355
49223
46527
50882
49211
46146
48395
47894
50026
47465
46586
49855
48055
48670
49237
48207
52262
49720
47860
51177
47693
49787
49677
46731
49769
49345
48711
49609
48401
46992
48577
48497
51646
49735
48845
52541
48010
45843
48618
47056
48604
49396
49994
50266
49198
46627
48876
47081
49869
48049
46451
49724
48706
49649
47250
46972
51173
50520
49341
49688
48589
50257
46612
48871
52126
50416
49850
48532
50470
49303
46534
50168
51139
48928
49451
48132
50441
50622
49215
47312
49068
48797
48529
51091
50807
49655
48497
49444
52258
50256
49230
54167
48178
49944
49865
48707
51939
48560
50554
50878
61476
59049
46461
48071
48128
49710
47700
49492
51142
48909
47316
49044
51483
49355
48373
49282
51125
46396
46246
50338
51933
48546
49591
49011
50378
47896
49132
46947
50392
49079
49322
50683
48031
49825
48808
46463
51977
51366
46852
49954
49481
50237
50016
49781
51832
51503
49893
50089
49705
50217
48120
48747
52015
48644
50524
49816
49108
46307
48546
46912
51407
47592
50012
48835
48683
48484
46897
50727
51473
50500
47205
49940
49030
50492
46741
48143
49922
50086
50809
50824
48904
49687
47657
49156
48959
49106
46535
52081
50825
47183
47597
48188
49307
50469
49133
48758
48636
46258
46794
46600
49189
51362
50099
52943
51664
46454
50356
49664
52343
49152
48152
51969
50563
50633
47701
48783
50806
47979
48352
50149
49210
48603
51947
48617
49117
50084
47974
49794
51688
48065
49885
49974
48892
49529
47473
49804
51155
48169
50718
47280
52800
47918
50202
51822
50262
47914
46575
46681
48926
51684
47491
50574
49702
46605
50825
48013
50310
50273
50512
50665
49935
48953
48897
47311
52954
51904
50075
49597
52019
47362
50482
49109
48686
51161
49557
49260
51566
47593
47145
48077
50425
49886
49920
48747
52015
49301
49814
49198
49804
49618
49211
52886
48651
50897
50043
46853
50752
50498
46832
51208
49507
47399
47794
47466
50997
50719
50654
49272
48154
47456
50344
50907
49184
50040
50691
52884
47790
49395
48026
48467
52220
50601
48535
51312
52026
47046
46975
48030
49564
52256
49905
52670
48621
47688
47437
49578
54147
52640
48595
51453
49453
46950
50928
48176
53282
50999
49565
52528
48101
47124
50984
48826
58967
49760
47310
52713
50304
47372
49955
47826
70190
52160
49749
52836
52661
48649
49668
49724
53395
48815
48361
53144
48498
49629
49137
48343
53618
51577
50160
53217
49110
48278
50825
47620
54207
49148
46750
51929
48610
50677
51256
51002
53686
48820
48952
53339
49214
47391
49712
50675
51579
51153
50472
53274
49162
49172
48973
50412
49664
48605
47585
51738
52159
50392
50687
51276
51549
49834
49951
50872
48788
49832
49624
49969
52412
51316
49325
53484
52293
46950
49748
46982
51796
50913
50862
50411
48313
47700
50279
47841
53589
52389
49769
52999
52066
51387
47980
50778
51844
48216
48801
50135
52053
49546
51076
49482
53972
52467
50586
50872
50821
49753
48349
47967
49847
50113
49561
51034
49107
48764
49320
50474
52863
48974
50041
51526
48652
50631
48098
49493
54292
52937
47021
50653
49352
47168
49012
48664
54350
51482
51670
63003
62997
51607
50939
47703
53954
51962
49201
53462
52701
47090
48969
49961
52166
50419
51835
52586
52205
50924
49318
50749
51548
51878
51212
53107
50482
47346
49809
51053
54635
51966
49330
50891
52899
49051
51228
48913
50536
49220
47251
53915
52260
51379
51347
49315
52898
49084
49088
52750
49385
49785
48926
51840
52146
50376
50034
51799
49676
50104
47263
49716
50857
51261
48854
53842
49336
48381
51551
48479
50111
52471
49815
53327
49198
49057
49246
48214
51168
48669
48030
50765
51276
50736
50427
50989
50981
52214
49444
54460
49583
52114
48763
52082
53279
50797
49842
52999
50977
47309
48809
51550
54528
52796
51495
53718
52820
47272
47408
50404
51687
52251
47682
52286
50034
48531
51093
49289
52514
51584
50873
52331
50945
49596
49549
50856
50666
49872
47805
50244
51475
50539
48988
51358
53483
51533
51693
51110
52149
50145
47360
48540
54022
51009
47557
51199
52329
50122
51444
51772
53015
51475
50895
50147
50955
51068
48836
51947
51969
50747
47705
53114
50774
48514
47653
50789
53872
49205
47484
53591
52414
50862
47692
47675
53880
53649
51283
55249
52469
48846
50474
51757
51980
52940
51119
51357
49873
50005
47291
48504
53190
49107
49656
52277
49411
50351
49340
47856
50814
53250
51920
51166
51786
49359
49878
47616
51088
53548
50048
53009
49561
51685
48797
50464
54451
53691
51774
51096
52037
48365
47957
50071
55308
50762
50643
53923
54104
48482
51385
51632
53200
52959
48481
54388
53795
51394
47700
50729
53271
53004
52403
53111
52119
48507
50628
49619
53003
52699
48024
52382
51258
48551
49533
50892
51039
52177
49438
50915
49285
52189
49236
49419
53744
52701
50443
52960
49141
50466
61298
58927
52750
53145
49852
54131
49544
51791
49676
51924
53878
50975
50106
54575
50448
52289
50187
48003
54389
51388
51903
51443
52317
50215
50174
48294
51806
52794
48193
55814
52448
48064
49222
48348
51281
51586
48148
54684
51533
51378
52918
48854
54097
52723
51570
53719
52028
49251
49503
48841
55446
52171
52550
54161
52378
50126
49800
50989
55509
51314
50938
54268
52369
49470
50746
48265
54176
53205
50421
55566
49622
49327
50627
47891
55355
52474
52541
51457
53243
51275
50193
51528
54816
50336
50503
65348
55182
54250
53220
52739
64239
52423
50227
54400
50885
48020
51807
51430
51551
52512
48274
52259
53953
51150
50402
49464
52656
53223
51668
52378
53719
49283
49724
51328
64116
60245
48986
54791
52434
48618
51564
48985
52125
50866
50178
54569
52093
50913
49272
50556
52423
54181
52557
53099
50942
48480
49972
51900
51991
50580
49648
54036
51524
51354
49217
48566
53985
54290
47962
54828
51058
48727
50001
47965
53629
54026
50901
51497
50578
51600
52025
50354
52503
54479
50233
53186
52578
50354
52311
49184
54949
52469
48124
54921
49931
48908
51539
51271
54030
54395
48424
52618
50658
52157
50941
48253
53793
51875
51618
51534
52619
48811
49083
49017
54407
52548
50239
53581
53421
52989
48190
49583
52441
50716
48269
54673
53842
51315
51439
49362
51877
51746
48638
55130
50218
50423
50974
51260
51975
51085
48449
54684
54642
50708
48883
48191
51327
55281
49729
53041
54188
52857
49739
49413
55916
53957
52140
53356
52602
48682
52243
51800
51863
52608
49392
55065
52436
51340
48634
49345
56546
53993
50584
52634
52195
49271
48562
49038
53189
51574
49760
53863
53050
52408
52729
49047
54003
54623
51370
53866
53141
51294
51331
51916
55433
54587
51611
54307
54158
52323
53175
48824
52266
50676
48841
53773
53643
49699
49257
54420
52778
53976
49885
53956
51237
53071
50935
50741
52230
53571
52760
52338
51300
49765
49253
51173
56767
52635
50362
53218
51729
49758
51772
53084
53995
50509
49206
56137
53580
53085
50852
52819
54465
53316
52724
56541
65713
59941
87024
65020
73654
52715
49677
53392
51570
51920
52035
52575
54846
51902
51192
53673
54281
48622
49171
51302
53725
54636
51700
59738
55087
50277
51100
52793
56042
51934
50079
53907
53715
49315
51769
52361
52590
53207
50246
55905
51036
51087
51449
50744
54454
50976
52485
56134
51112
50245
50977
51304
55908
52120
51138
54687
51902
52183
51157
50568
55614
53768
48996
56294
54901
52005
53001
51284
53056
51848
52274
54013
54443
51129
51101
50521
56403
50943
50652
52447
53622
49050
51896
53240
56895
57578
51041
54693
53724
49493
53292
52718
55934
54864
52656
53888
52691
49094
49069
53007
52877
52780
50169
53238
52815
49353
50091
51404
52216
54897
51560
52693
55175
50522
51957
61387
80109
57781
50240
57436
56346
59473
52738
53563
58503
55580
53097
66046
64065
56891
56522
53433
72667
68440
59990
67714
62796
61651
53462
54892
65811
59858
95070
66461
68476
62231
57360
52056
67652
65799
61976
73329
59601
51721
52224
53260
54957
54483
50768
56943
54380
51714
55378
52935
55880
53288
50999
56207
52759
50900
54008
51474
54427
55786
51260
58978
54363
53210
50830
51953
53969
55181
51926
58713
56283
51932
53197
50456
56483
53163
55187
56072
55191
54323
53095
55044
53855
52667
54354
59286
54046
54600
52184
52509
54397
55233
53175
55350
56162
54954
54329
51599
53867
54508
52363
55951
55390
55128
51960
54667
57651
56033
54213
57752
53595
54536
55557
55330
56825
55375
53004
56545
57176
52098
52516
54901
55936
54277
53364
57684
54146
52519
55688
54922
55014
55208
54317
54107
54931
52467
51100
55422
54598
57592
52340
58512
57319
53025
51078
56738
54590
55945
54098
56461
53584
55080
52367
52627
57833
56998
55627
55434
53053
52765
54814
52957
55651
52766
52930
58050
53936
51468
53063
53189
55570
55340
53985
55670
53976
55106
55281
51933
55098
52636
54192
54935
54682
51805
52161
50657
59149
53445
54058
55981
56707
54773
52668
50719
56824
56341
54711
55697
55059
51763
52449
52458
57043
55151
54833
59692
55415
52896
52397
54785
57576
54521
52652
57689
57380
54505
54681
55696
56023
56956
54800
58715
55002
52585
53251
55801
55920
53033
52434
59114
57007
53566
50877
54672
58355
57842
52021
55182
52841
54645
53111
54895
58647
56316
55114
56048
54340
52496
55047
51222
55750
57312
51571
58858
57275
50951
56035
51594
57022
56880
55619
57560
54889
54882
50889
51134
58929
53428
53472
58823
57354
51285
55859
52172
60137
55476
53070
55330
53105
50817
51706
51800
55405
56209
54750
56248
56163
55243
52408
54166
57655
55889
51261
60057
55376
51905
53775
52285
56906
56536
53088
58408
55391
55221
56165
51277
57274
55562
54470
58589
55505
52210
54260
53516
59706
57361
52562
59003
54239
53476
54312
55080
59751
53692
51502
59837
57174
53766
54035
53310
59685
56366
51612
59000
56497
52530
54994
55622
56099
56091
52908
55985
56470
55288
56113
53825
56160
56312
54404
55280
54763
54616
56067
55397
59070
57932
53863
56800
54271
55850
55460
52885
57775
54535
53629
56207
54642
53092
54016
53771
58175
55121
55513
55855
53142
54850
52690
52913
58454
57129
51978
59799
57564
55655
52130
55551
57132
55224
51593
55396
58275
53226
53762
55082
57132
56659
53064
63995
54366
54782
52078
51406
53756
54156
54736
58142
55328
53293
52345
52068
57882
55764
53256
56345
55283
50659
54239
52227
55870
53929
54411
58586
52141
53225
50106
54394
55656
54674
52727
58413
56260
51197
51548
52290
56833
53974
51737
58448
56157
54537
54607
53697
58851
52224
51786
57867
55650
54363
54627
50624
58706
51797
53447
57538
55838
51640
52640
52133
55728
56118
50960
56609
58169
73260
54644
51776
66551
81973
51406
55376
56309
49951
54127
50236
56102
54590
51865
58588
56001
49927
53609
50022
58077
54067
51797
56039
52368
50556
53243
54840
55304
53290
54587
58226
53429
51466
54990
52209
61386
54696
53998
58099
54186
52658
52095
52000
54978
53829
51751
58973
55881
54812
52642
52302
57230
53734
51114
55488
52584
52089
52726
50532
58108
52851
51824
55597
54354
52163
53387
54311
56538
56364
50292
57595
54634
52918
51685
53463
57477
53519
50818
56337
54041
54348
65199
55792
59231
54079
51725
61144
66250
50884
54343
50162
56451
52760
54874
54859
55360
53038
51682
52054
60098
54478
53141
55434
56709
53372
50454
50704
57496
52565
51600
55557
54050
50696
52301
51173
55063
54462
52553
57336
55556
50457
50793
53059
56563
57228
54688
59159
57095
54633
53981
50640
54959
56137
55276
55874
56442
53743
51790
51466
55622
53802
51043
56783
55053
53418
54571
50548
55760
56327
52757
58457
52681
53140
52261
54264
57633
56978
54990
59043
55959
54437
52776
51352
58230
53600
52665
54959
52522
51118
52396
54605
56559
52893
54731
55204
56530
54726
54917
51700
55940
53955
52288
59308
55333
53450
54249
50551
56873
53248
50415
59758
52855
50392
54383
55410
57944
56417
61511
69104
56374
50923
53195
53694
57395
53211
50949
56808
55328
54279
52874
53868
56252
53951
52260
81481
54857
53371
54675
52252
60058
57117
51236
56728
54776
51831
55192
50901
60096
56958
51225
56534
55769
54836
52436
55500
59061
54437
53927
57217
57400
53199
55264
50855
55973
52997
50731
56087
53906
53858
54107
54135
57637
56279
53248
57097
55036
54730
54776
54602
58350
54783
53890
59656
53123
51667
54895
54010
59156
54148
53737
58405
54565
67944
64908
54467
57002
53210
54881
55514
52980
52091
53613
53194
54852
53458
50931
55179
53343
53573
64751
61012
59392
56244
55133
57112
54570
51323
52988
52261
57850
54184
55302
59149
56737
50588
52421
54122
55780
53007
50908
54864
52686
52103
54250
54885
56721
53279
51708
55618
56729
52813
53756
52755
58126
57082
54235
55381
54172
52039
52227
53807
69357
62411
51539
55443
55870
55308
53091
54935
58317
52702
52023
55420
57494
51888
53095
55613
55112
57241
53116
55847
53898
53278
54730
51500
57764
57858
51865
58581
55369
51749
54787
52340
57059
54382
56015
56292
53838
54665
51500
53565
59055
53186
53925
57507
54768
52484
52785
53132
55986
53526
55332
60608
54617
51002
53485
54389
57653
53902
53732
70070
67556
51356
56160
50881
57163
58238
52630
57697
53749
54844
53490
54011
57482
53417
51529
56249
53862
54853
52154
53828
60227
57495
52052
57196
57117
52003
54016
55256
60255
55559
54401
59281
56767
54693
55901
54975
59669
56478
51171
60724
57205
55572
54705
56095
60085
55943
52751
59855
54522
54140
55560
53587
57848
56983
55908
60798
55374
74253
55891
